2521543434779 3100696730279 2621179513920 1744194037048 2413678165099 2283566291095 3422592130226 2856356433241 2290342896292 2672620235645 3196326866018 3071555168814 2570047914710 2569137949228 2504263444803 2755712041360
2102322957683 2681404566749 2260263188663 1704042552992 1857732968033 2192568393504 2855732891114 2641291595833 2426341295347 2287360970835 2598890456510 2541620417714 2168390023030 1938481143465 1962003571542 2123598826498
2552086152395 3150991155021 2654450990767 1582500292890 2082958073092 2725548783238 3429189699411 2858494331667 2228822479550 2570035170986 2944361008105 3208997633745 2484903023359 2608491823464 2309000834665 2426649869047
2855000900712 3413081574237 2866559388025 1642389876770 2367507208472 2694992858225 3602719496646 3212212516165 2357652559262 2829523530259 3324831223533 3270857184977 2663964839270 2789237343335 2617609843256 2755540242026
2674773471613 3208494404311 2872092310750 1853667703676 2375507939833 2594509440869 3991092202308 3209657810030 2412205245385 2963423491163 3154615165566 3308150758087 2739707702750 2762811099340 2787572786531 2834921346507
2341285651299 2830407618642 2692853603697 1364888284964 1736532089283 2604543668174 3076628880213 2787313709023 2340082730013 2484280691648 2844529024342 3026460568252 2463147651075 2435910408257 2299168677532 2005809551297
2340268118057 2619986947565 2620808435547 1635373855718 1721030321052 2257272952598 3262162996464 3024573837221 2310596948188 2363008345642 2731813053531 2574137156248 2258011539053 2276713643704 2133829667604 2044392603976
2565454404150 3009329267089 2679523484257 1597173201296 1836797329563 2594542746773 3245365203598 3155331531188 2108374903891 2608919624954 2704581200026 2960277244412 2436884183973 2397846110757 2211825239915 2206720544203
2174561966182 2817565936103 2483591021076 1417640015271 2066360839607 2384335627743 3234054507682 2910336288988 2169949028795 2361920816176 2870009513647 2487452354922 2317552339146 2359745755241 2063452234979 2123690267380
2027358677970 2471995097069 2497397565497 1432924478488 1970679933023 2193992292254 3010470817157 2525519394847 1925550830681 2356796345126 2723198282478 2616917569239 2396469243464 2298731312213 2264850183581 2234033274702
2863709591902 3256173311722 3037857145285 1719825220433 2047217957980 2521954502380 3530560466355 3379988199268 2681440740963 2713643156999 3226455461297 2880204759545 2457120161054 2442603378936 2599412935214 2336207263546
1822265934576 2409716967781 2219266467833 1444423860202 1863410789455 1987895359778 2944292265095 2610966832948 1983814349148 2291258423841 2610331530048 2333835434834 2123782648008 1961105840647 2000704047468 1988438792083
2672486116538 2958866103759 3033077470014 1864605482612 2367346830945 2537753082386 3428059333046 3089186035549 2456537937064 2749636913101 3179916215755 3270229179348 2418102254647 2629055729097 2661208253767 2473351609106
2316058967494 2450587151559 2716852597179 1640378287812 1700123881356 2295666035142 2971709471484 2990936508031 2196212862216 2401991102646 2711322282112 2757124301260 2361436190347 2284352902187 2162514008561 2053511827090
1628211928829 1887890458917 1909863357929 1216068842156 1421583395724 1630695075186 2527407848984 2054021206631 1630571450065 1838118913527 2053046594075 2154821584373 1733339616690 1838585504792 1702773645623 1640692318782
2566063691407 3092449564377 2896855800027 1789128993461 1831071951620 2657586171663 3476384727509 3331140688453 2328296688554 2628473580504 2736554784470 2784120014372 2710810391941 2499764797646 2214448906885 2283156191369
