10841014717068 12948851142811 11434244264738 11123413053133 12801390715950 11377512704484 10008269981231 9129459202780 11303586209640 11016314358092 11449819016283 10998916512281 11358009503956 11813853009904 10553039738947 10262401306891 10784005419973 10309339879116 10117157632685 11822347144915 12086365586666 12122011616553 9707120402388 12430705325239 10498155309092 10594510919953 11858206681627 10946809758782 12199828373435 11193999033893 7797577172450 9555566887910
10682990391365 12203278532470 10170895682306 9903941074299 12133837025297 11147420416104 9603006932231 9017841958945 10809170007704 10518516821971 10667117782134 9981705353651 11075925490876 11114239371488 9241568536457 9464538286598 9763793157567 10509373037404 10101524397438 11111448514116 10795176284842 11411077241455 9330271975883 12096313340201 10201445576154 9900283284069 10794681008097 10125425152484 10844464741526 11072761448739 7279710326088 8666913311032
9912677260142 11117613535704 10307946082539 9284127992758 10982036046578 9533203987835 9034814058363 7759167774420 9562164032394 9309627227379 10437228224839 9731731100162 10282670933530 10223924472948 7937649854882 9602050426831 9267835207050 9126255287938 9861912257291 10284484294728 9585497079115 10550361241724 8773646701976 10994859144649 9509125564424 8549842803724 10486339562849 9004879059999 10818459900415 9240606859804 6132277077831 8029512609734
11811432117050 13188903991100 11782079591458 11079120994531 13270923091272 11711544502995 10346459716684 9807109010391 12709408671268 10669378884513 11512990587047 11830183874759 11842735151236 11705808784420 10934326026314 11010689613018 11140363818266 11195584152708 11046217347115 12400051541465 11602014621323 12076811800765 9510257182390 13389879035010 10686366200312 10348900136731 11418209647756 11351812211669 11815781879197 11521118731933 7083883312496 9047996412210
10663863000528 11071827273695 10732080900287 8948414791827 11178664302743 9843264679021 8836083979271 8003696891699 10426510917082 9331064848856 10459379221282 9714882591644 9301944615903 9752235183757 9167248041549 10224887979797 9028636124913 9906980976336 9753032536931 10072062792013 10249167184588 10608880889461 9007787656724 10840739362376 9888131458307 8642426108586 10504115655229 9596629345295 10534512013656 10405007875176 6532720483878 8182945466949
9668357051711 10717382309491 9864957117320 9382940855863 11647395469666 10049356277470 9233342007719 8759410864215 10048938647666 9655148056709 9864877052741 9582813891254 9810374803130 10171543629258 8558091576579 9445363226564 8725047288795 9002230739367 9097130384590 10107563405836 9648543472550 10519713822952 8890188580316 10846663739856 9119486466253 8970574078490 9128032626773 9492143388577 9768405152587 9211342811056 6468018061439 8160588251437
10587695130980 12040148252362 10995710709277 10675462582096 12713108219143 11198240607002 9543214029178 8961431963740 11118766025019 10655459216344 11241096571200 10348233038515 10959200323529 11642560839556 10120885320347 10288791843472 10727537355221 10667004840130 10739934324093 11455982434926 11446576715342 11750206998171 9525429541089 11931298513918 10630165018431 10000576912722 11838414505592 10185187586873 11694058147018 11053096795026 7560233073102 9656828332820
10018526368288 10263509472834 9666415088450 8989619702726 10974281373110 9559475518619 8639837394835 7539019909741 9780736971656 9657904839400 10182922172752 9424828422747 10060131322141 9848242474293 7810397064387 9801963587990 9001305902711 9001281957246 8905491473714 10597702712349 9279987683781 10164760759722 8838441058848 11533465663354 9622070626995 9058880866342 10633412421667 9401428088049 10210398499891 9143149608511 6499734865132 7897501390138
11094169004282 12333047359325 11566931763825 10719736137083 12905442210308 11167352002187 10559833415083 9542030809177 11757819229426 10337407465213 11553883953931 10824868087490 11358585785686 11141564625910 9723960317574 10565493000964 10587374739150 11790993048210 11801211449332 12082568647680 11193272510725 11948712649360 9992395679566 12885677364054 10959781476478 9689761815771 11472562145208 10390762378364 12132947365616 10623067351755 6747017403949 8908124971969
11832463669405 12636394466953 12147004990400 10993332801176 12924706290566 11522188197485 10151345232861 9235152312492 10712441038993 10433151910540 11945865109808 11063339972361 11545790245779 11474892840428 10630586618963 11375548944950 10616158196622 10588697241340 10615396062018 11967565027867 11542051946666 12229316978506 10121446137506 12190211140183 10412431982914 10300842385829 10828821153596 10529947691025 12041486305581 11128717753789 7503503347648 9437702159570
10182514602141 12319577359704 10948258736649 10777766315897 12966032191302 10701246876055 10069303483292 9090335785989 10772107011212 10472273521964 11394778990433 9506179250757 10936335710872 11966891014497 9840985036759 10061166938850 10509254100778 10698836302068 10543262358113 11388554924588 11362448199719 11458593353410 9642835173154 11786879004633 10603738330081 9670248821816 11693954908397 9870841216162 11862265317083 10316997728402 6888024203742 9325602840664
10769557533889 11455354912811 11154446399655 9809951960618 12263079876994 10340616445892 9345570311427 9074218603761 10574890697143 10549190140713 11049875208873 10495488232966 10212387377088 10134983219754 9399723679624 9827378448687 9253434184731 10027967924588 10324895916454 11212101023262 10677314504143 11036696271994 9161104088040 11681562746038 10205076426391 9906820180322 10195812771038 9331886317953 11802691830993 10662707845602 6727610956243 8519194077004
10472559190931 11166235285635 10452914533766 9352109550781 11634713607321 10470150016418 9592358218972 8402015269398 9753117197498 9903452587138 10961951295163 9946909922018 10706511566248 10370838409163 8677096266512 10324743027264 9778837740427 9646715481961 9849598904727 10422115075125 10473227936751 11137587198695 9446629185365 11943276363853 9898667407493 9486638076395 10676931715581 9174561035162 10716713923262 9741305300312 6808139419964 8967717658783
8380839467956 10007164814647 8631597549206 9356340864597 9930810023623 9206641258232 8311469198809 6933396931595 9106248346294 8623938767186 9145926567302 8282180090288 9118210217570 9634152029194 8274921719340 8615912746344 8051891628354 8671949310443 8624925792370 9518526678236 8422370261454 9298455424591 8162014213569 9238165237042 8663872764405 8414551620615 9604226874401 8446656159559 9345914776670 8980256464067 6421900156276 7084019881264
8612456651380 9578230092593 8710122556737 7989457964275 9143522141351 9080841303224 7850414197586 7089935346693 8559518551635 7733186573020 8163346371945 7833497942825 8636952892765 8465479482505 7603842433406 7921760314630 8232301186291 8718350649800 7922894091329 8878755945547 8545280828800 9116597731273 7308334338936 9018144015666 8455571015331 7236373950239 8291310762218 7955326153843 8501520353281 8310517750759 5330050785010 6932227860106
9915803702169 11061752005342 10231680720794 9570557598667 11512967032001 10302450035570 8679719369739 8291924128438 9950035987454 10086422065923 10067230585524 9992447922266 9666368329161 10098157134972 8993849350773 10265338065925 9321050078986 9257352128798 9643254139103 10279552128121 9982159118546 10779498390816 8364522652207 11530089338650 9074333750962 9212514066373 10045212395706 9240842094267 10170195586887 9920871907422 6796947554977 8841152188522
9709660040677 10742739443212 10240190301278 9307724627315 10427407432757 9777505034412 8339948314753 7509132362710 9788673849471 8902556931524 9780673282305 9340530085307 9298029621493 9908363071243 8531377333621 9086073760595 8972579430264 8885787700815 8748904711540 10579311569955 9682652491123 9724278397334 7925648677352 10990679225250 9051208593968 8530933592879 9781746419481 9234616400313 9852649411143 9465766877926 6616171603124 8163492839307
10427506615572 10768683804924 10552242787617 9578505415593 11430559917860 10075503951153 8769158090359 8601561210032 10187658465169 9536509894887 10793146995816 9336879777284 10518419044827 10458107967365 8460217767101 9982212541179 9908909485667 8680962000546 9715713221406 10131293145091 10107659208300 9911084975917 8353833973171 11524910010525 9627699324579 9477807623086 10278337051846 8880735400698 10341880378003 9517012492450 6901045199672 9052928846370
8074507071779 9412948468294 8471642195013 8618542470217 9000699809094 8167053529566 7075230778466 6520284513614 8275765921991 7647354851300 8722130745760 7964026597855 8580705746761 8271295118133 7497727771370 7893832189815 8232242615335 8381377781827 8117370794785 8617018703134 8755754304556 8651924055395 6785232167519 9839728888646 7703243663611 7957880569045 9081405780616 7420886212805 8845143034246 8147232065936 5640640572732 7179948501872
9489818647217 10724411217920 9281472220358 8977130963567 10716051630557 9045152717499 8256280020116 7196779087337 9500910116809 9006898457341 9662018246585 9144262507460 10313290101435 10368018522349 8434551126881 8902372701383 8984901615566 9143315635171 9495844324569 9387186217122 8940408286782 9676109196365 7778518649666 9737524317039 9754366183018 8531249137955 10308390786419 8695684624377 9708958487548 8808624180188 6271833232169 7902826122020
8443616499178 10240888157024 9268663281312 8655503906493 10889468888565 9445438262375 8165067423734 7316227999538 9771094469570 8998308169202 9345372183815 8578582077521 9008523417449 10051841804642 8770357114357 8586915038521 8795575749792 9145322604214 9113957236507 10077305746655 9538900654594 9873337559084 7709870817295 10128055811680 8583043773654 8287878274580 9920859198496 8870447562875 10172424073380 9144006326798 6160462024591 7727627248227
9490228308615 10032587613988 9539268686359 8230589303387 10888523003559 9615010027183 7987372942312 7205114357246 8707395819913 9368940895192 9824396332317 8267269353660 9106020236560 9843740411516 8257770441071 9114487527246 8455730935008 7958327178803 8351538286139 9235452484537 10144015726301 9723863473404 8575776165708 10103973790429 8936472026079 8293715434387 10234083451475 8283423221909 9982625845234 9310053250442 6775510826119 8865241490012
8240297529194 9274071692207 8310885460817 8349477149165 9319077396254 8352918905921 7579998378321 6927136976436 8366143888934 7938985217765 8584203628138 7684052679168 8371179133242 9046262483016 7590750612937 7793232349052 8506839656089 8122668194833 7800859997117 9288920776333 8561018009260 8458593143024 7402481679263 9645112546283 8595356957776 7586055450963 8438657658115 7582082897422 8803561040222 8303170351917 5572702967327 7046574889646
9699698896429 10538292832857 9856625495385 9183274516310 10747959531698 9622181213993 8086685277524 7863170280704 9118907909922 9743559152614 10347280227675 9908730639327 9186050884735 9484986456001 7936519444424 9119890374562 8365692070336 8935018671158 9310828731346 10604233147393 10119341774391 9967046989371 8061778561175 10865339454593 8615743419399 9354579729025 9285611589037 8967465893505 10298231376317 9279870776141 6155305088307 8314907984588
10584410149598 12439245635678 11290776586990 11082343320333 12530582010747 11380670024704 9729105222678 9179909111699 11546600754972 10723169122825 11529751244664 10440829272582 11134287941173 11416044506432 9903371231560 9976959924426 10656601526917 10848841003487 10928394936757 11683037709455 11914603054129 11798054067700 9301708415125 12596312909250 10510677566304 10212559499450 11946665351655 10227799907207 12105391564872 11097885756300 7285431042994 9384713651518
10514556939124 12287857395168 10500481898295 10342977121769 12123043337311 11202555660897 9906790494558 9299295052162 10812439567203 10361413141117 10450952563401 9877736632117 11310978932940 10901736194286 9727592559732 9688345378581 10217035128891 10830026972366 10179709785172 11392242393419 10958920846310 11310114931081 9036360015293 11713694149762 10168795270836 9895235743941 11204361259740 9751993694013 11261251421158 11095247214805 6845285387619 8490644653324
8803490865444 10099554682365 9299200563723 8886384886199 10404080459194 8508121581376 7910738516604 7052405546646 8346661794616 8970607739296 8843881235651 8355385869220 8572832868904 8791356739894 7720984040647 8315619835224 8196888096537 7914217498056 7933486011002 9219914762055 9099243657108 9101898233204 7993198962466 9853197010636 8330918050464 8514355453293 9259707503743 7543586459008 9572491877981 8738639310045 6074909142715 7715295580394
11610741598981 13320938501992 12027411533691 10944780423609 12671017914496 11292835285991 10433707712257 9345795528648 11119546415394 10846657767539 11799839033700 11071541689284 11741809373847 11347933979929 9625382669683 10653695438898 10693729314974 10459486991047 11168075284807 11647432785735 11832157100700 12526379612070 10332517018740 13086120428983 10689874284585 10360122388670 11569835642464 10511957074706 12714644515207 11789272919456 8050772323208 9533193274385
10079302552123 10888221479165 10710655118158 8838040572130 11200605531948 9272078848693 8587099070703 7841058587918 9215152272779 9504820213198 10031836540100 9262607227506 9838975851680 9342291533766 8033512601957 8970916945894 8652506217656 8994129813899 8823713315658 9409807251124 10815389024786 9760651975236 8234395524683 10528168359118 9184236914250 9425847204271 10305764903275 8402421743236 10246469348742 9199057896068 6374639997201 8358645969585
10485944904616 11844927008760 11409826489940 10676314555129 11914493266592 10924399880195 9687626288016 8333976082992 10768889842621 10317281444927 11332253621174 9992806174467 10983820449213 11018482911564 9779480923087 10328226664885 10351210515410 10478473104041 10261297708211 11438434785603 9905447115481 10658728568267 8606796717165 11922161393242 10383850984096 10353786078195 11451893135580 9006527885586 11353437382040 10238317345489 7227069015354 8976318622773
9686488706433 12012471013872 9984353487380 10083058838450 11143775822045 10509050591802 9615200395016 8491616749571 9640012594378 9835427973733 10347714063612 9724366319987 10137335029513 11118949938567 9292594568250 9359022129766 9206864207566 9364912512409 8882062806314 11084764669791 10216410832757 10582508335067 8546349601712 11068466648836 9160456667605 9521658379594 9952689651427 9759679951998 10394747584923 10046980720240 6942270491346 8778137194390
10463480598689 11731997645970 10693639571922 10165549152169 11283159877519 10787070543064 9181723922118 8508619206676 10672859611744 9965254575825 11384553549954 9508778028516 10259218337709 11108349820379 9974639830529 10013508181510 10008313879791 9542135756767 9363971995967 10659659698718 9962344205289 10605625865290 8984086857390 11352759591849 10487584630685 9921554522568 10563019930340 9557688999413 11089877220190 10303663739019 7434304463500 9330365324186
