5420507358534 6474425571405 5717122132369 5561706526566 6400695357975 5688756352242 5004134990615 4564729601390 5651793104820 5508157179046 5724909508141 5499458256140 5679004751978 5906926504952 5276519869473 5131200653445 5392002709986 5154669939558 5058578816342 5911173572457 6043182793333 6061005808276 4853560201194 6215352662619 5249077654546 5297255459976 5929103340813 5473404879391 6099914186717 5596999516946 3898788586225 4777783443955
5341495195682 6101639266235 5085447841153 4951970537149 6066918512648 5573710208052 4801503466115 4508920979472 5404585003852 5259258410985 5333558891067 4990852676825 5537962745438 5557119685744 4620784268228 4732269143299 4881896578783 5254686518702 5050762198719 5555724257058 5397588142421 5705538620727 4665135987941 6048156670100 5100722788077 4950141642034 5397340504048 5062712576242 5422232370763 5536380724369 3639855163044 4333456655516
4956338630071 5558806767852 5153973041269 4642063996379 5491018023289 4766601993917 4517407029181 3879583887210 4781082016197 4654813613689 5218614112419 4865865550081 5141335466765 5111962236474 3968824927441 4801025213415 4633917603525 4563127643969 4930956128645 5142242147364 4792748539557 5275180620862 4386823350988 5497429572324 4754562782212 4274921401862 5243169781424 4502439529999 5409229950207 4620303429902 3066138538915 4014756304867
5905716058525 6594451995550 5891039795729 5539560497265 6635461545636 5855772251497 5173229858342 4903554505195 6354704335634 5334689442256 5756495293523 5915091937379 5921367575618 5852904392210 5467163013157 5505344806509 5570181909133 5597792076354 5523108673557 6200025770732 5801007310661 6038405900382 4755128591195 6694939517505 5343183100156 5174450068365 5709104823878 5675906105834 5907890939598 5760559365966 3541941656248 4523998206105
5331931500264 5535913636847 5366040450143 4474207395913 5589332151371 4921632339510 4418041989635 4001848445849 5213255458541 4665532424428 5229689610641 4857441295822 4650972307951 4876117591878 4583624020774 5112443989898 4514318062456 4953490488168 4876516268465 5036031396006 5124583592294 5304440444730 4503893828362 5420369681188 4944065729153 4321213054293 5252057827614 4798314672647 5267256006828 5202503937588 3266360241939 4091472733474
4834178525855 5358691154745 4932478558660 4691470427931 5823697734833 5024678138735 4616671003859 4379705432107 5024469323833 4827574028354 4932438526370 4791406945627 4905187401565 5085771814629 4279045788289 4722681613282 4362523644397 4501115369683 4548565192295 5053781702918 4824271736275 5259856911476 4445094290158 5423331869928 4559743233126 4485287039245 4564016313386 4746071694288 4884202576293 4605671405528 3234009030719 4080294125718
5293847565490 6020074126181 5497855354638 5337731291048 6356554109571 5599120303501 4771607014589 4480715981870 5559383012509 5327729608172 5620548285600 5174116519257 5479600161764 5821280419778 5060442660173 5144395921736 5363768677610 5333502420065 5369967162046 5727991217463 5723288357671 5875103499085 4762714770544 5965649256959 5315082509215 5000288456361 5919207252796 5092593793436 5847029073509 5526548397513 3780116536551 4828414166410
5009263184144 5131754736417 4833207544225 4494809851363 5487140686555 4779737759309 4319918697417 3769509954870 4890368485828 4828952419700 5091461086376 4712414211373 5030065661070 4924121237146 3905198532193 4900981793995 4500652951355 4500640978623 4452745736857 5298851356174 4639993841890 5082380379861 4419220529424 5766732831677 4811035313497 4529440433171 5316706210833 4700714044024 5105199249945 4571574804255 3249867432566 3948750695069
5547084502141 6166523679662 5783465881912 5359868068541 6452721105154 5583676001093 5279916707541 4771015404588 5878909614713 5168703732606 5776941976965 5412434043745 5679292892843 5570782312955 4861980158787 5282746500482 5293687369575 5895496524105 5900605724666 6041284323840 5596636255362 5974356324680 4996197839783 6442838682027 5479890738239 4844880907885 5736281072604 5195381189182 6066473682808 5311533675877 3373508701974 4454062485984
5916231834702 6318197233476 6073502495200 5496666400588 6462353145283 5761094098742 5075672616430 4617576156246 5356220519496 5216575955270 5972932554904 5531669986180 5772895122889 5737446420214 5315293309481 5687774472475 5308079098311 5294348620670 5307698031009 5983782513933 5771025973333 6114658489253 5060723068753 6095105570091 5206215991457 5150421192914 5414410576798 5264973845512 6020743152790 5564358876894 3751751673824 4718851079785
5091257301070 6159788679852 5474129368324 5388883157948 6483016095651 5350623438027 5034651741646 4545167892994 5386053505606 5236136760982 5697389495216 4753089625378 5468167855436 5983445507248 4920492518379 5030583469425 5254627050389 5349418151034 5271631179056 5694277462294 5681224099859 5729296676705 4821417586577 5893439502316 5301869165040 4835124410908 5846977454198 4935420608081 5931132658541 5158498864201 3444012101871 4662801420332
5384778766944 5727677456405 5577223199827 4904975980309 6131539938497 5170308222946 4672785155713 4537109301880 5287445348571 5274595070356 5524937604436 5247744116483 5106193688544 5067491609877 4699861839812 4913689224343 4626717092365 5013983962294 5162447958227 5606050511631 5338657252071 5518348135997 4580552044020 5840781373019 5102538213195 4953410090161 5097906385519 4665943158976 5901345915496 5331353922801 3363805478121 4259597038502
5236279595465 5583117642817 5226457266883 4676054775390 5817356803660 5235075008209 4796179109486 4201007634699 4876558598749 4951726293569 5480975647581 4973454961009 5353255783124 5185419204581 4338548133256 5162371513632 4889418870213 4823357740980 4924799452363 5211057537562 5236613968375 5568793599347 4723314592682 5971638181926 4949333703746 4743319038197 5338465857790 4587280517581 5358356961631 4870652650156 3404069709982 4483858829391
4190419733978 5003582407323 4315798774603 4678170432298 4965405011811 4603320629116 4155734599404 3466698465797 4553124173147 4311969383593 4572963283651 4141090045144 4559105108785 4817076014597 4137460859670 4307956373172 4025945814177 4335974655221 4312462896185 4759263339118 4211185130727 4649227712295 4081007106784 4619082618521 4331936382202 4207275810307 4802113437200 4223328079779 4672957388335 4490128232033 3210950078138 3542009940632
4306228325690 4789115046296 4355061278368 3994728982137 4571761070675 4540420651612 3925207098793 3544967673346 4279759275817 3866593286510 4081673185972 3916748971412 4318476446382 4232739741252 3801921216703 3960880157315 4116150593145 4359175324900 3961447045664 4439377972773 4272640414400 4558298865636 3654167169468 4509072007833 4227785507665 3618186975119 4145655381109 3977663076921 4250760176640 4155258875379 2665025392505 3466113930053
4957901851084 5530876002671 5115840360397 4785278799333 5756483516000 5151225017785 4339859684869 4145962064219 4975017993727 5043211032961 5033615292762 4996223961133 4833184164580 5049078567486 4496924675386 5132669032962 4660525039493 4628676064399 4821627069551 5139776064060 4991079559273 5389749195408 4182261326103 5765044669325 4537166875481 4606257033186 5022606197853 4620421047133 5085097793443 4960435953711 3398473777488 4420576094261
4854830020338 5371369721606 5120095150639 4653862313657 5213703716378 4888752517206 4169974157376 3754566181355 4894336924735 4451278465762 4890336641152 4670265042653 4649014810746 4954181535621 4265688666810 4543036880297 4486289715132 4442893850407 4374452355770 5289655784977 4841326245561 4862139198667 3962824338676 5495339612625 4525604296984 4265466796439 4890873209740 4617308200156 4926324705571 4732883438963 3308085801562 4081746419653
5213753307786 5384341902462 5276121393808 4789252707796 5715279958930 5037751975576 4384579045179 4300780605016 5093829232584 4768254947443 5396573497908 4668439888642 5259209522413 5229053983682 4230108883550 4991106270589 4954454742833 4340481000273 4857856610703 5065646572545 5053829604150 4955542487958 4176916986585 5762455005262 4813849662289 4738903811543 5139168525923 4440367700349 5170940189001 4758506246225 3450522599836 4526464423185
4037253535889 4706474234147 4235821097506 4309271235108 4500349904547 4083526764783 3537615389233 3260142256807 4137882960995 3823677425650 4361065372880 3982013298927 4290352873380 4135647559066 3748863885685 3946916094907 4116121307667 4190688890913 4058685397392 4308509351567 4377877152278 4325962027697 3392616083759 4919864444323 3851621831805 3978940284522 4540702890308 3710443106402 4422571517123 4073616032968 2820320286366 3589974250936
4744909323608 5362205608960 4640736110179 4488565481783 5358025815278 4522576358749 4128140010058 3598389543668 4750455058404 4503449228670 4831009123292 4572131253730 5156645050717 5184009261174 4217275563440 4451186350691 4492450807783 4571657817585 4747922162284 4693593108561 4470204143391 4838054598182 3889259324833 4868762158519 4877183091509 4265624568977 5154195393209 4347842312188 4854479243774 4404312090094 3135916616084 3951413061010
4221808249589 5120444078512 4634331640656 4327751953246 5444734444282 4722719131187 4082533711867 3658113999769 4885547234785 4499154084601 4672686091907 4289291038760 4504261708724 5025920902321 4385178557178 4293457519260 4397787874896 4572661302107 4556978618253 5038652873327 4769450327297 4936668779542 3854935408647 5064027905840 4291521886827 4143939137290 4960429599248 4435223781437 5086212036690 4572003163399 3080231012295 3863813624113
4745114154307 5016293806994 4769634343179 4115294651693 5444261501779 4807505013591 3993686471156 3602557178623 4353697909956 4684470447596 4912198166158 4133634676830 4553010118280 4921870205758 4128885220535 4557243763623 4227865467504 3979163589401 4175769143069 4617726242268 5072007863150 4861931736702 4287888082854 5051986895214 4468236013039 4146857717193 5117041725737 4141711610954 4991312922617 4655026625221 3387755413059 4432620745006
4120148764597 4637035846103 4155442730408 4174738574582 4659538698127 4176459452960 3789999189160 3463568488218 4183071944467 3969492608882 4292101814069 3842026339584 4185589566621 4523131241508 3795375306468 3896616174526 4253419828044 4061334097416 3900429998558 4644460388166 4280509004630 4229296571512 3701240839631 4822556273141 4297678478888 3793027725481 4219328829057 3791041448711 4401780520111 4151585175958 2786351483663 3523287444823
4849849448214 5269146416428 4928312747692 4591637258155 5373979765849 4811090606996 4043342638762 3931585140352 4559453954961 4871779576307 5173640113837 4954365319663 4593025442367 4742493228000 3968259722212 4559945187281 4182846035168 4467509335579 4655414365673 5302116573696 5059670887195 4983523494685 4030889280587 5432669727296 4307871709699 4677289864512 4642805794518 4483732946752 5149115688158 4639935388070 3077652544153 4157453992294
5292205074799 6219622817839 5645388293495 5541171660166 6265291005373 5690335012352 4864552611339 4589954555849 5773300377486 5361584561412 5764875622332 5220414636291 5567143970586 5708022253216 4951685615780 4988479962213 5328300763458 5424420501743 5464197468378 5841518854727 5957301527064 5899027033850 4650854207562 6298156454625 5255338783152 5106279749725 5973332675827 5113899953603 6052695782436 5548942878150 3642715521497 4692356825759
5257278469562 6143928697584 5250240949147 5171488560884 6061521668655 5601277830448 4953395247279 4649647526081 5406219783601 5180706570558 5225476281700 4938868316058 5655489466470 5450868097143 4863796279866 4844172689290 5108517564445 5415013486183 5089854892586 5696121196709 5479460423155 5655057465540 4518180007646 5856847074881 5084397635418 4947617871970 5602180629870 4875996847006 5630625710579 5547623607402 3422642693809 4245322326662
4401745432722 5049777341182 4649600281861 4443192443099 5202040229597 4254060790688 3955369258302 3526202773323 4173330897308 4485303869648 4421940617825 4177692934610 4286416434452 4395678369947 3860492020323 4157809917612 4098444048268 3957108749028 3966743005501 4609957381027 4549621828554 4550949116602 3996599481233 4926598505318 4165459025232 4257177726646 4629853751871 3771793229504 4786245938990 4369319655022 3037454571357 3857647790197
5805370799490 6660469250996 6013705766845 5472390211804 6335508957248 5646417642995 5216853856128 4672897764324 5559773207697 5423328883769 5899919516850 5535770844642 5870904686923 5673966989964 4812691334841 5326847719449 5346864657487 5229743495523 5584037642403 5823716392867 5916078550350 6263189806035 5166258509370 6543060214491 5344937142292 5180061194335 5784917821232 5255978537353 6357322257603 5894636459728 4025386161604 4766596637192
5039651276061 5444110739582 5355327559079 4419020286065 5600302765974 4636039424346 4293549535351 3920529293959 4607576136389 4752410106599 5015918270050 4631303613753 4919487925840 4671145766883 4016756300978 4485458472947 4326253108828 4497064906949 4411856657829 4704903625562 5407694512393 4880325987618 4117197762341 5264084179559 4592118457125 4712923602135 5152882451637 4201210871618 5123234674371 4599528948034 3187319998600 4179322984792
5242972452308 5922463504380 5704913244970 5338157277564 5957246633296 5462199940097 4843813144008 4166988041496 5384444921310 5158640722463 5666126810587 4996403087233 5491910224606 5509241455782 4889740461543 5164113332442 5175605257705 5239236552020 5130648854105 5719217392801 4952723557740 5329364284133 4303398358582 5961080696621 5191925492048 5176893039097 5725946567790 4503263942793 5676718691020 5119158672744 3613534507677 4488159311386
4843244353216 6006235506936 4992176743690 5041529419225 5571887911022 5254525295901 4807600197508 4245808374785 4820006297189 4917713986866 5173857031806 4862183159993 5068667514756 5559474969283 4646297284125 4679511064883 4603432103783 4682456256204 4441031403157 5542382334895 5108205416378 5291254167533 4273174800856 5534233324418 4580228333802 4760829189797 4976344825713 4879839975999 5197373792461 5023490360120 3471135245673 4389068597195
5231740299344 5865998822985 5346819785961 5082774576084 5641579938759 5393535271532 4590861961059 4254309603338 5336429805872 4982627287912 5692276774977 4754389014258 5129609168854 5554174910189 4987319915264 5006754090755 5004156939895 4771067878383 4681985997983 5329829849359 4981172102644 5302812932645 4492043428695 5676379795924 5243792315342 4960777261284 5281509965170 4778844499706 5544938610095 5151831869509 3717152231750 4665182662093
