5043086869558 6201393460558 5242359027840 3488388074097 4827356330198 4567132582190 6845184260452 5712712866483 4580685792584 5345240471290 6392653732037 6143110337629 5140095829421 5138275898456 5008526889607 5511424082720
4204645915367 5362809133498 4520526377326 3408085105985 3715465936067 4385136787008 5711465782228 5282583191667 4852682590694 4574721941671 5197780913020 5083240835428 4336780046060 3876962286931 3924007143084 4247197652996
5104172304790 6301982310042 5308901981535 3165000585781 4165916146184 5451097566476 6858379398823 5716988663334 4457644959100 5140070341972 5888722016211 6417995267491 4969806046719 5216983646928 4618001669330 4853299738095
5710001801424 6826163148475 5733118776050 3284779753540 4735014416945 5389985716451 7205438993292 6424425032331 4715305118525 5659047060519 6649662447066 6541714369955 5327929678541 5578474686671 5235219686512 5511080484052
5349546943226 6416988808623 5744184621501 3707335407353 4751015879667 5189018881738 7982184404616 6419315620060 4824410490770 5926846982326 6309230331133 6616301516174 5479415405500 5525622198681 5575145573063 5669842693014
4682571302599 5660815237284 5385707207394 2729776569928 3473064178567 5209087336348 6153257760426 5574627418046 4680165460026 4968561383296 5689058048684 6052921136505 4926295302151 4871820816514 4598337355064 4011619102595
4680536236115 5239973895130 5241616871095 3270747711436 3442060642105 4514545905197 6524325992929 6049147674442 4621193896376 4726016691284 5463626107062 5148274312496 4516023078107 4553427287408 4267659335209 4088785207952
5130908808301 6018658534178 5359046968514 3194346402593 3673594659127 5189085493547 6490730407196 6310663062377 4216749807783 5217839249908 5409162400052 5920554488825 4873768367946 4795692221514 4423650479830 4413441088406
4349123932364 5635131872206 4967182042153 2835280030542 4132721679215 4768671255487 6468109015365 5820672577977 4339898057591 4723841632352 5740019027294 4974904709844 4635104678293 4719491510483 4126904469958 4247380534760
4054717355940 4943990194139 4994795130995 2865848956977 3941359866047 4387984584509 6020941634314 5051038789694 3851101661362 4713592690253 5446396564957 5233835138479 4792938486929 4597462624426 4529700367162 4468066549405
5727419183805 6512346623445 6075714290570 3439650440866 4094435915960 5043909004760 7061120932710 6759976398537 5362881481927 5427286313999 6452910922595 5760409519091 4914240322108 4885206757872 5198825870429 4672414527092
3644531869152 4819433935563 4438532935666 2888847720404 3726821578910 3975790719556 5888584530190 5221933665896 3967628698296 4582516847683 5220663060096 4667670869669 4247565296017 3922211681295 4001408094937 3976877584167
5344972233077 5917732207519 6066154940028 3729210965225 4734693661891 5075506164773 6856118666092 6178372071099 4913075874129 5499273826202 6359832431511 6540458358696 4836204509295 5258111458194 5322416507534 4946703218212
4632117934988 4901174303118 5433705194358 3280756575624 3400247762713 4591332070285 5943418942969 5981873016063 4392425724433 4803982205292 5422644564224 5514248602521 4722872380694 4568705804375 4325028017123 4107023654180
3256423857658 3775780917835 3819726715859 2432137684312 2843166791449 3261390150372 5054815697968 4108042413263 3261142900131 3676237827055 4106093188151 4309643168747 3466679233380 3677171009585 3405547291247 3281384637564
5132127382815 6184899128755 5793711600055 3578257986922 3662143903240 5315172343326 6952769455018 6662281376906 4656593377108 5256947161009 5473109568940 5568240028744 5421620783883 4999529595293 4428897813770 4566312382739
