190803 226831 338149 106181 224587 713696 287607 584290 847479 468116 507807 645316 861069 652516 927221 542269 649960 811618 750571 109048 840889 574558 492030 241122 121794 406456 912956 912890 267424 657700 583582 787463 804427 562488 719654 775994 997348 146808 113314 769040 827988 318249 550057 984730 617063 331170 447685 540711 932889 727981 985838 371785 639437 792834 215687 643768 315266 869773 341463 363316 153939 353576 595701 161247
190673 134318 985505 219897 971655 216280 611387 693762 873580 140976 490625 552020 176947 910245 498000 622253 950444 893646 826268 122841 529501 965264 340327 711192 663505 548456 425357 879159 885138 378140 346886 843911 587118 524154 902693 991778 434291 671658 980829 895378 662430 287545 622164 673574 950895 142455 264931 809802 244025 705403 808771 839098 204763 677482 142405 626363 125728 515826 359696 421762 225126 605903 985261 854077
852635 309800 898664 358543 738916 254872 557357 278430 544558 109026 477313 483855 419284 740165 792150 611048 151591 642230 371624 192793 462349 740759 909184 845210 505618 876677 170736 691601 130351 302016 166368 803731 415982 439145 971230 353997 353078 559163 148658 407972 475564 910205 723029 490836 107496 585381 971415 170082 661497 740405 378268 861485 634257 591699 196704 321618 267505 838712 871504 705786 503923 175054 921908 384806
757216 634183 367022 622264 302319 518804 614637 567445 290529 291208 271880 924838 275162 714797 508691 721092 640833 373520 763172 270675 143965 113560 688698 454339 995900 276868 625869 303072 227481 930619 736720 484793 868866 313406 478114 250144 115632 567869 617737 886933 914942 771195 929815 738204 971999 505428 954054 608361 465439 761437 383275 509735 390484 399436 332745 985863 274824 873691 703120 328835 594054 340770 830621 155543
103548 531057 577745 158867 369123 878540 862096 644068 978551 591957 112616 917474 748237 859377 195612 760388 656273 206945 751326 656588 823824 520900 840503 401664 816270 441723 760125 377575 311130 948850 873764 623784 755332 938353 891407 280980 971425 819801 448730 658225 187216 526270 537015 682885 344998 881756 260012 603559 104207 437054 119353 421228 193001 448945 126169 633254 664733 426439 315585 166267 640886 174267 125595 807144
490220 330564 413860 683535 394108 444795 964488 244814 583870 138766 925266 707631 505839 365368 418092 601228 432897 606626 884155 720288 212163 360819 306322 932427 472098 725091 651184 871992 109248 815288 607693 852481 886203 994101 380934 900574 534658 706260 334118 368953 683366 509458 931465 781010 128923 913642 223496 748505 235159 295264 192073 994802 126674 549688 147146 271316 836707 314716 144038 122923 686707 251727 676549 355954
788748 540269 497920 177048 234853 635720 913653 394004 624105 440483 257431 410371 757038 541733 649499 412120 674536 485462 675678 269038 399266 205664 275524 525944 973695 551258 553981 700569 683836 451837 268382 994318 174803 941589 188537 990549 484078 362983 433786 750184 975544 618380 876367 663154 734612 820498 716563 198328 422835 166000 295422 657261 463188 187201 190938 764895 200542 534074 180804 707141 206413 495682 588249 203017
992510 375976 820433 638993 891860 598200 183150 928537 736930 893727 972760 354191 769874 278410 150328 562946 756322 244083 562245 232000 273777 140638 669954 845496 742665 751367 820776 605787 585407 870443 565717 244810 231001 565654 315992 691551 286783 990138 174474 963932 359983 611362 106036 552862 609205 747015 855866 551264 764314 591970 177556 360658 205387 491072 434769 673270 265552 189105 443499 938835 568527 499152 473123 151464
802949 151348 814339 956705 670922 421098 540445 631535 346300 148621 115400 513961 540764 973706 215346 549304 137295 749623 947667 462866 460492 779127 814002 453694 466019 199587 654054 818751 485317 686009 843653 140574 705236 586227 493150 237849 215992 704580 116579 804205 983994 119120 486448 707952 789807 479763 607407 416688 635049 464841 575520 527363 577866 573659 660577 197858 942976 286655 565699 485249 988673 629602 308564 904517
727982 294934 367923 723258 939661 248594 928213 278623 370608 951917 339799 625695 400895 374149 198209 537787 953530 600827 618181 249401 251920 972859 586629 889907 143397 386031 506278 435492 194583 668975 345057 121551 255663 313458 244006 717479 625799 328656 908133 295279 156601 837683 994577 192579 277966 151158 735971 338091 394022 707573 614028 912036 236108 165613 709695 360472 773598 644839 431703 253685 795317 686404 299785 218953
196218 303262 948037 719552 860253 954470 282983 855069 186029 323976 777282 915374 680126 691093 213431 700120 183858 266260 861541 678016 280957 367561 813370 189787 231312 586620 427660 618137 820215 929194 962781 612379 442170 399628 587450 837841 544191 622498 917010 749700 771726 585951 407736 982431 536961 744052 864948 268458 531171 315660 864224 969346 745792 140045 411526 841337 202475 984171 322555 634820 237204 670650 705555 979925
706483 311723 999918 413878 127830 409056 107632 882389 572747 654691 379019 948058 377672 498809 705541 791003 569857 149589 824336 448508 370862 495689 497416 801611 718741 796824 238181 832255 733020 973783 973010 712410 732048 939599 525480 460212 621668 605872 959882 110274 148091 196353 986550 239237 335531 830814 594811 138572 532798 522508 483513 139423 515010 848240 509418 970207 468914 737170 136907 644704 212692 627140 839785 491658
367729 624852 593859 233371 679097 693245 914911 935819 782006 426681 188992 449993 534502 406612 835674 152796 298586 933225 531345 335854 306889 558745 612983 914772 463030 601235 552281 926819 294411 728341 555441 958223 779452 277808 265448 403309 285436 645469 883833 375845 495971 654081 274553 802598 194902 469648 503818 460933 812116 496090 445482 294508 854228 399058 787365 893840 606058 247357 209436 833099 787908 952713 106614 920990
313008 539172 813966 172609 796830 362476 750787 833486 908227 497080 640046 121397 586940 219011 437965 214396 946549 976174 678549 270439 757590 669520 373995 661424 684065 239369 273823 745529 842133 946797 344888 940332 310231 572846 269981 931810 317751 698118 215006 259442 249439 204586 962703 517042 930376 295333 442922 179722 972502 902287 104673 272980 499621 653719 451752 486729 104826 571528 329317 603616 401473 353713 291313 863692
178166 990604 702657 337400 185047 300326 694219 167385 988871 757827 844765 736073 546536 656653 621806 458953 486783 174311 668521 560359 915098 438541 239451 807360 272536 661452 597977 893877 353330 133676 845967 524262 840419 961020 710777 661698 251017 754005 934538 736428 411844 883306 996985 253521 105344 939250 809661 229625 865959 513522 134434 678662 315553 974769 892290 602085 690346 284720 998174 459148 586894 188031 671191 727387
484988 241732 760808 216418 939398 932722 235648 718781 444876 995134 414200 472453 107920 160268 474806 793380 425886 127163 406393 903970 744874 498210 538305 249759 765375 366786 539335 407399 572943 653769 886256 251124 999270 614697 227930 110312 627703 769988 165413 272063 946417 158266 551837 874823 871732 299977 396005 752689 667054 703119 824868 434257 128248 266980 103740 855781 953202 450302 345368 449236 433584 771735 482568 483280
994436 363893 172879 296666 792802 841024 290303 393220 222308 523751 552639 830372 473771 937867 679155 759719 679843 468572 166456 147154 783853 257137 608749 790528 514321 268093 915247 490953 983152 410391 841250 372350 310638 329000 908517 703851 733433 493439 235990 679038 404120 494168 317393 501370 174493 527902 139831 342225 498926 424248 101305 215961 584024 567504 276066 762414 701529 866189 669472 258783 474114 658967 603374 714603
578352 267925 859920 805631 348113 637977 661318 635043 806622 312953 943137 561628 533830 717488 930114 729055 708803 554877 350265 131031 279893 916104 502460 575292 653069 985451 805170 338792 963001 781442 903620 908966 807599 100969 604051 821525 385142 658030 723392 909247 323202 292931 246025 422022 114475 896235 860334 813659 267841 382152 501739 281928 295547 624056 758931 774055 191500 796657 296368 860464 931733 744247 650205 668141
718644 663335 950127 697107 547980 171469 889848 654776 484144 106901 878200 281601 653466 521034 802414 809715 173435 790638 953371 160567 788918 665045 168833 677516 600064 900738 955100 333954 192298 561246 265225 290828 247688 127947 693081 745629 609351 755065 149653 467019 522368 546118 395119 228412 376331 206892 183652 325047 575149 228994 112254 560805 623800 371056 476392 680699 662051 647727 613827 907920 930688 244455 843888 791683
270578 311909 858614 157470 349202 516103 532307 578684 166110 853761 795770 619748 580137 712375 657798 752640 225855 916538 466960 787372 796729 261928 950531 248635 162927 659683 762732 591420 955831 686134 597258 411940 139378 745476 323180 645929 986137 643581 662695 827825 105498 391830 993278 993424 826622 802899 400155 929655 212675 230977 158010 364024 322897 587409 433974 687924 781749 382115 915586 821292 968561 129664 209754 746052
173394 612080 670349 545331 912421 552386 330758 574525 732884 367974 364004 960712 223293 888102 984173 814348 683628 459516 616870 831347 269869 965505 329352 173154 234747 124370 704738 665656 101175 708360 747759 276084 593498 320633 397123 369297 467078 501945 154203 221943 959287 428297 978596 346167 320701 591636 497469 839329 209197 284531 181489 959807 353637 938651 551402 375201 290681 329518 150475 633497 915857 903992 621292 454114
923427 259296 516709 330693 800481 495032 759162 909680 757246 455732 872488 663199 243020 655850 330416 644418 546436 305078 470029 487554 833162 868324 839249 842338 381194 638865 372210 214835 564942 718959 353113 129773 635343 929920 437017 269684 617469 401476 578883 776613 461810 657853 981045 110295 410902 835217 294951 792053 554435 315578 596277 569877 573032 172815 347158 558720 984016 962958 135307 154911 805670 883460 917748 664184
235341 120098 237011 312261 831745 444777 177299 722433 224957 891855 270988 883660 898930 838550 392877 650056 641653 546685 736030 900989 313389 479382 438411 698109 199087 764721 860248 371828 131868 737601 324827 732951 684371 950778 284442 140481 656544 285432 308293 311658 617230 881354 490507 609531 140653 409003 835626 638652 855844 353547 217982 318671 327742 458555 944751 712219 658652 962080 506059 209877 713443 344770 887812 225295
812408 578505 465089 396933 796774 718122 737305 261294 102045 317961 284756 539931 210902 538346 673352 969386 343900 484977 469293 100871 872792 541849 155687 996657 728517 874894 153751 609092 807832 679630 890145 381818 410413 614813 585625 766061 468652 790476 932523 171242 721879 964585 126288 407988 936286 289557 954898 302595 170108 403089 827262 655464 119327 771539 387869 869043 966351 268839 538381 838750 172183 524516 687010 332401
253170 910599 641582 573077 221105 657429 711228 788165 987908 413821 444617 206604 527313 840879 288089 460534 956523 522350 614716 993106 134824 408774 537289 533604 924162 199054 909166 876978 714360 234637 370513 747932 254853 651511 450274 793347 109777 544643 882378 957276 886611 597843 208910 564527 139682 744479 586272 114037 149052 943109 372112 129485 640406 803521 998507 809418 203483 346373 202501 309977 303907 483438 498917 878762
470644 699752 839643 653444 272747 558920 586044 744270 774996 785150 195603 564284 213832 630901 555218 355880 728918 778119 945477 654596 331899 891276 903166 874552 784596 894807 648204 350409 318902 276081 241422 689225 834193 742665 246007 250242 628637 893746 624161 904945 585612 296827 899403 507669 759327 965994 986295 182353 614511 937340 202950 755480 522394 723387 281893 529707 806102 736856 437866 458447 846710 100873 419180 479700
783761 805812 543812 108510 745436 255920 936955 653410 140599 264667 936861 833077 152895 312790 590028 875347 752745 537394 620448 980323 924636 927466 893325 118407 443380 580713 599002 986775 242370 191334 451991 718296 263461 989477 894404 334591 816266 644449 878485 893984 704025 920944 302459 473212 124134 182985 824525 663592 770292 304684 991428 116444 919446 431869 576963 750678 643292 941772 643758 453497 980697 611931 480051 455394
382663 155377 211411 903397 718221 198369 320558 659845 257958 126131 367604 704656 431790 207289 864398 460821 907508 432084 373107 612806 662458 422791 464214 530743 776437 659686 843540 400934 196492 368801 571040 773070 840570 976345 802860 895516 807854 388106 878517 389007 493792 422263 512930 635058 109561 801485 490260 469917 188491 603125 440488 352842 592245 799998 841967 498614 371251 343794 823238 460482 116613 329895 689588 877604
554979 747692 173168 581380 752886 460896 926651 193349 905498 437697 385595 739520 316252 975258 877520 922684 455442 624732 223541 895477 457955 126452 488238 739951 550979 740340 112744 694763 474414 254534 314548 919202 738681 167531 576615 458412 162643 204565 654687 443297 508260 855135 183905 907204 750344 978456 331339 377783 150037 143180 435612 656963 287690 869003 710030 471190 238578 678633 897862 454036 151615 647928 555222 821692
639071 938584 176365 996259 789950 546838 246959 979894 943889 313687 753032 814691 896414 851242 525719 636704 212234 202247 337010 539219 823679 665631 137706 550787 410061 970611 830271 438827 597254 712216 702783 698002 859018 756403 728410 694180 748341 984171 528034 113775 912968 551884 318791 442200 862410 580920 470171 486174 349850 513590 162482 905945 451366 414294 613145 267308 560811 496413 715970 142962 309327 476017 361769 412922
420053 398966 394293 973374 810199 735784 379487 313600 571010 128888 819439 734202 677000 163207 291405 818561 767364 277936 596592 866676 588335 257513 551771 608978 313705 326188 102536 190794 188441 128531 244241 494323 838243 533107 389060 728293 808719 630420 387232 910843 579758 916285 617804 379539 740701 142382 299425 648729 364073 218694 752967 617378 366561 775211 341401 305942 238686 874250 418327 861819 533450 685645 191371 219147
192167 780976 328694 124761 814397 179231 439012 537695 671844 707742 777968 464606 192796 937037 238318 828850 607398 996393 852122 852424 481251 307981 612799 703054 265190 493861 164641 346794 900144 862841 314961 732502 744148 782026 890375 232729 539348 275354 254834 518482 985894 781499 321449 933691 932087 413603 515852 547717 620297 457284 590697 531072 649570 344095 301195 640263 283968 636743 935672 534612 976454 396927 406273 718883
639871 797937 663609 869811 459076 475937 838895 833978 937787 280780 224826 734178 563270 807241 933767 621519 835674 448012 609976 368220 917110 328107 343307 749785 570968 435908 574260 609031 372087 697574 817356 776099 563842 217907 871163 397096 739154 580420 866809 353803 313912 171547 713311 371920 871597 590802 188485 281980 390557 634606 975868 301454 298430 468401 811510 587139 754933 820669 870931 202488 790683 771274 186306 686254
780907 367275 125078 111754 672326 281356 421539 660147 199110 160473 879043 141296 811194 292149 668248 210831 946941 182854 732535 519253 364200 847132 869577 217272 451833 565219 534600 974068 417000 292130 512977 576586 810721 604027 845172 301902 991078 151698 176990 278536 297215 967967 816174 147828 129869 342642 942286 756629 235608 243590 628810 511571 224994 892478 545659 786041 960069 140855 590732 593465 628232 879384 138984 914144
435010 708448 364613 135480 570067 288873 777826 285164 910921 712274 273515 122182 410463 625449 787162 705789 886485 877470 842056 731281 796829 878158 320970 751369 532544 215518 129907 650611 177712 337171 743101 460783 845929 359664 298740 931761 969514 461961 973896 133905 556674 937935 421795 563120 524541 714394 416005 622921 606690 883435 945252 965707 273089 185277 371036 703819 547405 229392 401531 403618 416394 976173 247993 862991
301325 637806 193574 728313 613901 439453 134704 887345 653236 541377 348938 234240 696230 839855 442654 949884 455723 562660 458107 741473 877495 381429 236261 127021 695657 249590 887493 435211 521680 612642 543477 176387 976706 583286 306859 227408 727115 598648 876937 923529 843340 671550 151238 724988 170246 981468 511998 442774 595669 533376 343450 308018 528519 757873 436795 656956 159034 758837 729815 378483 595078 966894 483494 862674
808663 904099 481129 325186 582443 807945 402132 690801 367730 731267 290124 891853 932930 347639 150117 291347 125065 641698 323622 167052 234146 849407 159324 131704 166086 876325 368012 929903 907999 675423 932779 652133 524516 537043 180886 981879 580977 632545 728218 580295 356484 638111 695214 591789 638072 893624 986353 713154 736003 429741 207198 818097 426447 307385 934320 723727 535539 104441 963739 433239 179317 274233 293477 204347
904743 354933 316691 728004 847144 625515 674914 311475 487979 819963 361787 150059 533706 144917 687151 784541 936634 678065 875010 641746 969771 824054 436243 987979 822493 547115 934050 535546 864529 889727 674868 689781 503792 296751 563755 624398 525277 346591 377462 209526 562649 883653 692522 526522 805965 945564 602464 836388 870752 140767 517154 128417 846684 570170 972428 403823 304508 283801 237606 764970 268599 946150 882778 301287
457111 949859 297957 528365 591739 855602 769075 266557 108840 586286 809489 640913 837816 583575 504127 627019 230344 938879 974201 320935 139942 925110 211787 407703 560230 821624 672717 372125 505071 843639 462033 226428 350400 827301 772493 191934 353789 207092 383273 599750 798126 842544 458021 398659 100842 910369 651188 782912 249205 424763 880648 849873 642324 844372 511638 782105 919090 818964 140938 234027 763914 941184 509603 939846
502513 232055 936288 788557 673306 323648 157187 809357 504882 435714 552885 499358 105954 608637 853942 338428 836153 239978 238465 441184 546864 394228 688126 245257 325899 852471 528554 820756 666268 297672 433204 619162 148990 880550 993337 830677 502803 194974 131448 241479 121213 678306 322109 615301 104540 587923 480677 398483 411723 394913 995133 372180 793499 335182 557966 516592 692934 664473 998213 750661 618639 206694 608138 887816
616742 382537 524266 387327 240777 553569 941246 635915 860260 468953 367004 476662 919967 725818 269969 495607 514603 507781 752269 944337 610215 670018 887077 110143 339189 382875 797534 273581 826477 594721 928908 401782 384375 734622 263615 266308 633672 116198 574225 330493 218175 462581 753423 833378 957260 486921 312316 181697 218899 117682 376387 406776 468902 811366 879093 985248 269555 926856 969031 221967 874584 116891 632531 499803
974726 169618 210908 503907 282507 859456 647212 296490 999174 107725 749251 461512 555227 399555 604230 325979 408930 698683 520775 614602 365811 895115 181879 271709 111675 494845 685427 537929 478242 328842 717136 953298 842349 413788 750544 268962 464537 448309 461325 474816 244057 848331 764915 347639 344069 955263 559476 130465 396942 604155 115575 574238 393758 682251 209319 748701 337531 913681 597755 655950 841615 218266 684489 172737
426579 853310 933503 300726 644842 839853 292652 178474 966431 228356 955769 245055 375808 627194 978030 239297 983193 564725 586374 290664 681836 814652 177728 220551 924840 965397 470498 403730 251706 123685 815684 937204 652895 979487 217156 196343 376707 860438 888959 421369 734764 349467 695552 279603 463547 559758 311372 809712 910327 639728 110058 592393 246460 675751 395516 628799 577320 289566 424467 740035 955999 747495 415014 194889
434843 304728 956419 488435 733858 180118 161167 665846 863536 969844 250897 314912 687647 579171 231983 675736 775632 384644 663325 804162 884326 285867 631849 510800 300385 406297 954517 728901 208111 948788 589538 153928 148439 193661 837432 417681 358329 906144 850296 115611 564154 643559 872181 109910 142280 171749 733354 250319 693351 797330 250212 458177 855465 251464 781591 464328 515520 170222 427305 535658 481399 769584 103922 569976
790023 701406 336009 566596 245561 396623 418771 877086 840746 415584 611209 592921 333185 900340 519118 668205 907066 669167 302927 488359 663945 399625 298400 136953 482402 661930 703767 619196 677026 962392 207595 535137 421050 738656 544524 271493 307183 138441 255308 371817 179134 955112 667715 867062 191998 267082 657544 880814 834035 950137 664292 229442 435210 192424 532808 301412 667848 871549 556808 741958 102383 631559 743067 332891
697942 652088 123908 236220 697685 371160 745284 376734 994102 228684 103469 868889 467442 564362 371153 783750 759709 488019 717264 958545 594878 981222 848398 470596 425096 822034 424914 247919 401011 712158 310989 267354 730843 115965 894529 355966 558365 943222 451303 834263 749350 750872 214107 736544 928500 719178 724846 602899 188765 603268 221040 272620 303661 793604 915707 279518 639376 286989 274092 513242 424755 960074 351700 571593
326489 709964 105652 614796 543912 477378 766370 896788 782705 771549 681305 709818 990689 678609 331144 787633 803315 359997 315677 890174 240838 708931 542127 612398 386514 571764 878766 340363 198823 321776 616303 715350 792641 250196 318772 630811 309057 684264 824053 870751 881717 790371 757689 769899 116196 592777 896374 496352 752728 303694 677624 356886 298417 146240 668408 656011 833398 849198 996453 524622 133787 466926 817644 867229
857717 192286 269054 447021 940260 829787 296717 957242 148229 343618 550137 455633 235368 878183 571175 488727 472649 138176 573611 309254 985281 471290 722592 352230 400472 577068 106411 389102 206687 395327 638607 959697 879535 584660 202674 139666 204814 532997 954606 897350 202562 774466 862025 964161 529415 383759 785422 277702 319637 122688 139422 287099 906925 184847 578713 320777 545974 873331 318684 205351 141604 573865 654324 737678
259350 246719 403781 740275 260838 406970 241922 223343 720707 841545 515700 284699 394743 654555 396944 632723 511441 914654 481918 303289 262593 445915 769132 627625 507186 592003 770578 614588 350933 363103 145564 420924 524808 413180 790961 561793 593896 112727 992498 739035 560608 738766 796615 269787 427503 132194 741228 779832 354905 954444 131095 328907 986341 944926 166191 195217 860195 481783 463096 740021 869437 702583 197809 689607
193166 449218 536809 891066 682461 249112 312844 941586 404150 280915 147767 261023 710233 973007 151422 249347 251035 131481 630170 286493 124351 279913 338524 122892 827142 768217 355781 397077 766121 985919 265758 924171 850975 714914 175608 837004 565623 106784 182847 679744 530442 163766 971779 492637 836015 784487 150950 132810 397786 652136 557278 278163 862984 385867 718653 589414 705147 735039 133616 255353 246251 973214 943950 186197
125335 116621 162883 953018 230615 969155 522299 446370 447675 111215 954528 611762 869218 762583 116385 178939 463736 721122 628409 421985 429398 491063 700774 744537 562438 999706 939066 604433 402109 582090 115068 992779 349735 673559 271082 755573 503701 137549 985924 137830 480077 337509 112746 931917 940716 940881 989744 292028 168894 714859 808290 785040 523447 825327 709099 469836 507426 494255 131292 649996 139155 398524 218887 890351
484653 171057 353560 707787 958714 834017 969724 778443 147034 975120 535781 748964 565070 344279 200928 419489 556479 213301 253112 505048 109155 600732 585091 163046 612192 729339 681651 665204 196951 313168 927515 572111 737373 341910 943996 589828 417308 328705 132042 863030 317933 284407 967508 330277 572549 845083 986625 324138 783305 188409 432643 625415 232136 204237 996410 436961 213252 162940 918713 274398 971328 183902 474974 478237
832470 995748 860449 429865 795715 627290 423708 478096 269201 774326 688361 580114 425821 865858 856954 664020 230421 501183 794521 141310 991310 240979 672145 778507 926307 703916 675899 935747 176872 945121 936316 168264 820242 875445 320320 448352 424370 944392 989439 796591 991459 100623 615733 558076 735769 730735 330497 793069 694331 435407 404211 350749 330905 598893 407418 830183 218197 495253 668980 627594 897854 354962 262305 194007
983280 176465 525488 715829 720279 966203 548391 396736 111520 831708 663113 846685 284427 541017 333426 377015 261299 749284 142482 231941 835392 988609 760565 413352 380167 780897 929719 878880 481799 324856 858202 392454 371454 580689 377596 987596 890841 962682 724449 447953 867743 739831 224052 333726 924558 235755 408301 113756 907285 435788 694565 536875 888713 788927 594079 691622 980678 973634 143022 531735 843816 390979 521668 141969
339454 393470 174477 769111 597370 329844 751826 905685 853262 247426 487866 988850 224051 813172 361065 731814 173965 271496 918866 277875 629275 869447 324837 925847 635940 356019 274392 778822 421737 948118 471851 125691 631136 859307 667104 121286 902573 231169 910246 540226 940323 545219 695584 432248 842370 745271 977230 401056 146058 483166 417084 123019 858349 119850 901463 236322 177344 834378 327336 833595 709023 525513 881156 150023
489164 775925 577799 699205 336159 554536 409267 197697 366230 202975 539566 400401 163192 460071 398846 788474 544262 261258 901161 343452 452872 513780 703384 210585 206614 693309 913129 110045 929878 672796 547047 169109 788027 434178 653550 906885 508502 443833 263366 988314 270470 973372 155018 898226 269730 592423 869432 308527 671453 104460 421886 128362 723152 425046 299181 595904 919323 163305 975129 406562 109028 652787 719504 868814
603369 409167 975465 327165 464489 781098 558498 389068 194567 973619 685659 188957 609869 354178 677411 731357 598555 556083 649543 840129 396621 112328 459580 454471 621686 266260 134158 857407 322008 946913 827587 543258 739780 313981 556356 149631 312230 712973 108001 919147 847592 434094 648174 710113 373449 716806 620600 640565 724353 198601 262383 608698 965146 723102 394445 672097 782084 856884 710627 583710 827599 743573 427067 723212
999867 335721 111972 913966 548542 850121 766592 553414 541849 607464 572721 932060 319833 665471 303428 515632 503665 367032 515240 840115 937532 648167 401063 334617 729335 161696 935259 130451 396765 478097 330901 560966 507041 129410 171382 454954 141619 448586 730557 669180 876541 307322 362076 337650 527267 606136 119334 761996 202333 115439 241150 980069 412091 762525 448224 943559 970290 322549 376626 391552 512076 259261 267778 586828
289653 353067 579720 287660 941872 431573 634681 132730 348467 852610 507562 385168 900193 208867 783405 775631 535568 433833 891660 281795 596112 844182 734389 447417 654051 935602 904377 708874 642693 686022 231690 719783 478150 135741 245769 294476 722659 989631 908368 235838 367114 729364 643347 825660 534755 629620 658634 632719 789909 686616 930962 493798 603901 748620 854558 413686 898436 778646 335346 643798 125723 268638 361553 148548
522817 755019 195164 769181 199510 664202 570951 224738 154700 650129 414396 818397 740938 659185 648006 238430 826407 504077 833137 154689 349352 969702 418893 251144 858538 903747 873477 617905 594086 402011 443667 856816 193810 186393 906140 869078 118321 296002 783931 978969 727631 651716 793484 326989 803834 744165 385927 567675 476446 694973 554969 232508 995684 976554 284985 945917 877997 752058 239290 175089 407353 363813 375880 935844
236428 802331 736096 880421 854613 843129 771923 795948 418355 518351 967072 800146 848968 901260 534310 633474 611625 159231 123238 255841 114001 303475 234732 190462 754988 240104 461506 539438 325812 491335 581600 408151 611017 491062 992889 338302 620999 271265 518911 238570 315001 861088 868845 420100 522037 542309 300492 794967 312732 784212 714332 951941 226699 581837 809533 115628 933472 108548 132336 384960 826278 315240 697350 773336
573860 130417 999297 455066 446993 914485 228370 912677 147991 654646 227203 733234 797176 804385 628315 966798 587035 519836 669825 566002 986482 168651 216350 892431 782845 561038 680574 906865 851753 712071 272027 525325 389440 149268 985128 661942 556934 467161 363220 145486 973990 757968 638206 132947 406842 539193 732153 976375 229088 942294 164903 605185 428236 180900 204232 143926 932826 682701 690890 964393 456800 254055 408885 290664
685074 774732 535748 863640 673878 311703 638157 876684 111938 290256 552164 406386 493203 973203 433603 421383 169043 722746 393211 203299 908690 635808 635537 862871 370289 983069 395434 216825 961051 636080 148104 505997 107019 646234 645182 420485 442949 161224 839229 420842 947459 725134 745716 450559 440544 729687 648157 913621 506517 776676 477522 988523 944231 993710 379985 953441 657194 713948 173337 481559 714225 244908 188152 953891
913811 248489 891270 946001 215615 495656 402708 731750 265897 705101 164697 752771 883928 203029 126494 911766 677356 514878 267651 264496 789168 976096 169117 942386 799967 918379 845850 335722 623040 618816 208717 413054 332960 660528 593232 979556 192351 713070 459062 711283 766460 810701 397580 851293 816328 873337 975833 226147 137812 991231 301258 725094 570344 646303 110178 777129 180528 290299 823437 904734 780860 815359 197832 247876
