415654 559363 282945 485628 970096 899445 968399 154679 572798 664549 891011 926990 729107 606042 417615 446820
393973 260796 654158 550317 458859 215036 465842 928725 588400 690148 789467 238424 480392 460890 571536 284501
366574 138383 255217 930647 514137 155815 523136 398149 887625 723007 565471 491315 873949 961176 677164 137881
956715 243680 487263 217927 597080 229162 873261 772846 130339 874770 888766 486183 987396 778020 238169 601784
724319 732341 560213 159241 557880 710805 661888 819308 255659 192901 197221 865600 736392 568734 965415 976910
988043 871627 375913 905093 837241 312481 527837 951207 479230 267152 254546 562794 647023 191742 260983 380703
377102 769228 570249 963578 470329 452509 971670 546259 747471 444003 254396 585270 459055 708802 420747 379830
642815 863346 181159 419764 705757 695468 141235 347527 902541 506851 464671 321294 946462 791537 535810 530580
195217 817756 401098 672801 316464 248451 578139 287480 480338 944623 252835 981764 366574 814446 247514 939222
755794 391593 299697 379338 145717 671787 148409 761532 289804 958075 996810 969989 965787 597564 264761 906372
934754 968113 581735 910685 447811 516091 356885 368353 591204 257707 798256 423872 342696 589856 617083 305836
882485 414230 225569 893119 690244 764356 679506 632237 720425 601775 853418 461356 225470 526985 411505 445481
861238 107854 458721 403541 806670 348001 896852 111327 309160 238835 547939 546943 564903 317007 805197 930505
805392 306808 943170 111806 954804 107972 262769 789805 635371 816549 930376 493641 734050 375132 418089 626861
681021 797716 531333 151065 904441 288209 186291 944156 228355 953059 781297 259147 341859 651122 926915 404526
671606 463879 847535 625579 429034 836249 532329 809095 957991 162998 645534 224109 923259 300104 157666 996979
