749961 909090 769830 736479 769343 437857 276205 860113 300360 192191 815815 278908 795448 144111 760311 858931
101377 751398 133666 439577 919629 857752 562177 141549 757159 563580 906987 341729 231633 190992 675889 784411
780847 592746 437594 170755 987594 865518 281999 656166 457703 686749 290558 693046 451970 700645 972939 788974
971676 774894 614120 782385 601701 333636 261736 976064 275249 754382 578997 510726 608632 696888 721381 838846
657030 787032 733449 953991 918360 183686 687761 812073 825974 271135 371926 474926 767140 676021 961013 475288
345857 617965 473143 266572 373510 973950 234937 735033 782854 487802 489050 833688 189358 909515 824706 630074
585973 499305 836865 483728 734270 562799 842457 350105 905125 611127 605361 472986 447548 581564 295723 165647
936736 187061 715895 570676 838076 206592 427211 640323 661825 562263 735974 556158 112942 983982 761414 551754
553755 282227 768438 717674 909392 994569 596826 733152 581908 913689 151619 107709 245802 197482 596272 565180
177767 560076 799804 751479 433884 214309 683589 888026 135987 251973 294174 607416 638757 708112 588906 694194
852732 891869 834462 539313 756712 730191 692084 780010 356327 970551 821295 133049 384686 953688 114380 331412
574059 188754 588001 940700 805792 682299 928244 734334 289168 173981 282131 269812 116480 410715 411348 600296
440280 154436 242131 749906 699902 870910 321890 769724 659928 508579 817497 873375 937931 829415 308476 778196
377419 344850 962497 548628 364731 281969 598465 366651 929873 132368 921431 850894 505968 854842 259586 505444
413242 226025 338288 519300 395188 555398 659288 232822 663282 124300 286412 506981 643842 316453 634482 180260
628240 386999 901235 653197 950553 141761 929121 260855 528479 985423 875838 366377 201357 809211 996942 208101
