877322 689544 952002 659327 502620 310661 281168 853142 718953 424245 678001 459995 816700 545755 581548 605003 593439 819824 805398 380770 535215 846628 822860 562991 580364 860355 275130 305874 309690 980652 930630 112027
328076 596511 666900 940393 927585 705653 417916 604159 309209 284771 180751 874530 203485 691971 664462 254013 209910 423271 751701 868660 945167 310046 276734 315203 643226 781481 706227 390747 788856 999734 709648 689394
445292 144073 952266 894008 361991 357220 398723 381770 740168 665895 590769 211626 294921 435539 157841 776646 736944 548527 611960 675953 322975 855120 190773 651955 839434 774531 576595 801153 803373 266757 479305 106522
548884 164062 400266 722978 787322 665738 163682 788889 536466 785279 844519 970884 814804 635891 260578 951287 706430 744754 849529 485482 142075 318571 798186 987204 747138 536970 536474 208654 846686 907867 678233 686522
566309 280698 215013 939622 130527 719714 948423 452267 657715 570976 998361 829514 497731 484210 951646 275240 860056 132989 386618 321305 646208 636144 905129 792091 604538 128821 402372 344825 514642 246295 313675 744999
369769 401038 708987 271741 989605 595680 639817 827679 133603 654180 104720 734695 573149 906802 914397 538796 731362 219847 458026 298765 456390 173974 236444 403464 783327 998247 912085 333884 184497 658651 109293 575943
775824 845778 302347 578824 622079 829177 822080 575736 418072 425312 595135 897935 752960 226499 770654 726261 292858 865023 646784 303303 432353 953783 629143 540666 235279 612372 665258 597789 216969 692544 675420 834341
488739 138942 875901 492966 173014 451393 678192 321440 459780 945352 427340 226483 506380 145794 360278 693267 309205 163645 720425 103936 945436 417162 270428 444036 882325 632115 941073 323151 960643 453909 987359 932616
103094 190521 952404 805090 970984 787241 602448 372261 264165 799546 595931 682050 855551 694337 425715 313840 419932 944119 174733 899039 470326 529320 453389 729003 907006 430226 847799 602212 959512 624130 885578 322446
869870 208802 841070 154706 373225 679591 249573 922391 971961 813699 759338 407856 269340 980060 721914 500317 942297 858155 699115 863109 753096 760712 460066 952905 527242 588713 611412 311554 248777 392408 255358 575368
121789 855104 548211 811041 953009 547530 921793 487890 791508 943801 605775 244823 783098 948701 775977 639789 398612 746832 175271 668861 545200 548321 120221 731630 476494 970590 364109 858870 238601 443239 680248 170168
442455 495955 842538 655185 581905 602140 832045 703862 580982 166949 593919 550512 311272 557559 751369 878613 306875 695825 235361 840649 257941 422618 852490 768179 562651 339116 844368 460617 817721 932359 270877 135707
323374 276079 904926 346440 440124 320995 230897 512740 408497 686809 215635 321707 823098 684111 624654 624828 327083 511134 844411 234136 923791 867608 364091 518698 580663 966291 476927 911201 897386 600853 158191 930136
520392 756537 210907 631146 271889 732226 315167 190776 583664 643954 250704 420374 263681 317643 491443 143887 872160 762949 234597 343755 952484 118229 103073 910855 244303 517624 862398 463182 459666 915974 660102 177634
731730 437563 617046 707708 170091 758378 421155 338239 112434 316130 356892 875070 846337 644325 320672 517097 619573 458727 115525 477429 555547 488749 194286 318804 702666 639148 433193 150096 153773 105463 333950 712116
997228 865311 377417 125188 718627 185258 394097 769913 345948 839348 512086 896443 298301 735413 986278 483129 240990 348829 904127 264463 223942 863533 310095 339871 786133 351385 600711 540864 572313 442298 221781 959872
888015 512150 747446 505562 433267 327001 707646 587796 711244 753264 578234 350949 518051 435083 106946 416683 857710 299068 632651 659459 500709 365738 486300 111284 901080 156679 436960 135607 713611 293171 800273 588963
282206 445642 207554 384450 798932 302947 296189 227400 990988 342504 294733 309364 286716 612693 930632 984046 958306 303450 960865 480103 317541 427579 492196 453354 800037 716686 916527 937241 383224 112688 601872 992272
328580 610180 280746 153534 213573 155304 127585 234245 369743 988828 280110 896207 515683 295911 540911 628485 146200 820321 508880 217521 572247 892919 645457 107501 390385 150444 300000 771137 492911 459816 830968 636057
697082 199138 334335 990612 388753 102519 287175 107327 622751 379370 108842 617630 428067 175065 614114 555715 547047 923032 863722 973238 194390 630891 131298 983197 512430 584684 397197 781536 432512 906373 775919 184896
460844 857088 301707 630506 744405 671984 508530 617990 529165 376204 658751 268457 888970 130110 180189 787610 267766 875669 536131 398475 547213 491785 246678 987173 435505 384395 476923 286042 233705 647275 408246 283348
389542 868530 538393 199116 237857 130734 704528 492294 833931 358181 769443 224555 555481 234146 880394 588526 559613 188310 768059 373778 679374 958147 318402 383463 291207 902974 181211 370243 630984 304685 395754 789012
354658 762116 993203 846205 418135 196590 418446 196344 341443 661882 401888 102454 589724 746611 347094 263313 239751 913889 181919 419824 355628 224844 197179 169748 282287 390258 226415 211474 915937 690114 798010 712507
517816 326302 872315 238441 952336 357188 491298 754865 691418 693741 199612 849037 158356 227500 771985 998160 255607 920025 551380 142537 582990 608654 613062 227564 463770 295101 574447 365951 911187 371376 152507 405315
439675 994918 721187 876608 751210 603999 410068 379006 866184 431983 510040 836918 765468 392198 515962 724196 425426 800629 477417 640662 418700 835679 661419 502392 477857 396828 655352 704821 469012 704799 886540 170923
532676 755221 437001 789697 760573 479664 382518 268002 292485 168612 731390 889464 412538 937407 525796 798338 218695 854840 291658 858682 568124 827546 120413 796460 646856 763997 804531 261855 422327 783611 985191 349496
571751 795783 410066 263169 154170 312418 938437 584781 506876 669326 546659 440911 378345 917443 709891 173181 291201 262852 552579 164053 136134 181488 661237 319453 404652 894943 647207 331768 985465 394839 611471 186667
463417 530024 800625 818785 200490 829979 325437 979173 518154 377610 547394 419806 153002 736784 713455 609949 905137 311185 916855 826939 718610 647900 761093 280471 889358 831824 594143 869878 873893 422467 650881 288115
129103 170865 373382 354297 257431 236128 975017 561151 896313 113757 236332 750445 957568 862302 904986 841440 626115 199040 669974 160289 593039 747290 950152 566049 901212 888435 315563 720204 167852 203841 379106 147938
716534 645995 142566 155413 501101 154064 802389 475526 684480 811636 258178 340384 577967 677265 128502 733183 426759 637771 174555 622510 791484 684033 624543 943921 971047 807654 968647 971186 263831 439466 858979 783530
818325 670091 484396 483249 846303 410860 513126 860218 503603 913032 243447 169873 401696 776108 431379 991742 799929 460024 502158 439514 957547 345892 167820 239344 849804 946244 167327 387259 514944 657752 189168 284675
668745 891980 549268 750280 359414 121386 319542 307193 776552 757920 449094 383477 276434 237218 737789 663532 954508 569649 223068 612545 851920 278603 868830 225847 527989 942947 583994 675762 518545 705888 381182 929577
