513798 701151 384885 810279 110330 970812 548973 432361 228244 660641 405212 743965 354173 427362 841768 673149 606982 451479 122321 859856 114607 637105 128640 116396 690246 606229 497137 657382 235582 472824 311057 663210
191391 879670 546560 911493 666990 881311 302868 317284 718864 928879 477715 155348 194270 922312 796629 287130 608247 473597 585227 675762 845745 646921 347501 807018 336530 612964 670741 208089 976581 924385 894213 874101
970216 402784 764885 573352 774524 684529 265750 621982 517314 854027 866527 875294 487033 414923 192601 629644 382855 312463 454083 848987 786376 938058 935109 883357 809679 401079 280225 789282 884288 220776 272679 357352
374497 884028 315993 130427 317204 150146 587321 282383 996377 373772 604283 439665 478533 964052 255078 442951 890140 745853 687446 384384 326232 801998 412750 622043 891546 286787 731701 967769 560418 804107 173987 104544
290045 551368 166408 473506 590030 976959 611711 935916 833349 509962 726047 579043 156324 823221 545783 269144 452025 565629 714105 873764 672916 507603 179842 722404 110955 306180 373484 850668 248129 440467 105512 708282
574190 598347 180690 978992 720728 777420 715941 806976 264623 389857 367448 480781 747279 582352 472811 239285 672580 910982 885455 847777 861710 908104 821170 608975 411484 159432 345998 431544 763429 700845 170915 414329
726597 541224 913385 407818 981184 128368 324169 152322 186459 751357 648025 549537 331778 956302 224173 414230 147356 554755 496104 766154 606919 194210 672648 195253 881486 546904 939473 287025 616718 488490 609852 651472
160736 682042 857656 334906 957276 542068 434211 120616 947978 867745 475096 822466 331808 558963 440695 590564 320289 113445 737276 627791 578404 946077 510707 813383 271128 451355 281322 954179 831109 985996 633606 162505
607125 374941 729666 688904 875246 800987 104432 265411 400346 922023 823921 360282 662236 698159 425381 541014 440146 211068 168812 618228 914915 179078 234864 525469 551861 914972 844463 290826 490182 469821 178899 576678
439954 829786 377651 992545 699026 138580 602885 290905 687945 193358 860355 610945 566133 988453 783962 813822 736475 817319 518308 693395 212827 848620 572515 936964 374416 352899 583971 835574 603737 140130 120122 486044
242510 556037 751191 160456 912681 547946 352949 703508 834523 304282 344717 233512 177531 174654 886587 833825 506847 443424 256182 445997 560310 806385 736101 550507 312967 119034 975219 927723 901427 630500 147422 153836
795695 982111 647931 633466 650572 950296 130662 416366 910217 698795 243376 800078 678024 185281 429192 340989 124543 922344 499542 438985 735086 645942 270317 481120 467122 545036 664608 749278 189205 679495 135125 106843
201324 237554 719270 199723 809452 724661 806870 501312 978117 222122 390156 195771 503261 345901 694931 585277 775177 788005 502872 372572 938514 694336 446773 742283 717893 242562 834910 633858 379196 102620 159779 746801
814423 963987 819674 935136 455942 523279 963494 989377 171719 192222 373579 577929 841240 269170 530446 495217 884481 664728 145215 714040 944219 483997 424908 910210 269619 833330 116502 111297 246642 938490 170385 138212
690142 266354 346888 270988 939525 260751 481134 716469 317125 877906 649652 310089 380352 359497 483277 916462 240524 354169 631385 136625 777425 678027 827401 298984 848525 557960 386814 602500 737119 340457 441787 864173
801455 700628 496607 608961 492429 506833 493484 886770 542852 568800 665556 669386 853162 463942 440302 393024 562585 312753 155550 934124 794437 436623 123592 885260 458848 798265 326280 568622 682373 676796 162594 405004
815366 812109 971366 967925 403621 828101 919270 575524 916062 164073 772840 915413 639326 997553 647479 855258 436845 147530 759816 646064 644861 468688 881861 434059 603297 249322 440453 900916 383144 795901 913867 679629
288162 804917 888116 825928 700786 194209 342178 168400 168907 359527 569933 507079 724309 959728 634396 455256 942341 945104 979387 881781 571608 271448 384064 166607 645737 871159 486789 241547 979651 307702 566731 616914
753611 953142 679577 352054 959790 117455 168795 186418 403547 380418 513382 701445 915362 988439 301275 521171 798915 316160 480476 444781 979669 792532 500378 957308 189744 683656 945983 807350 586703 444243 815385 784109
968823 814830 808238 253834 769243 704649 539924 573476 581505 110462 743754 131431 898754 624576 989944 247261 669372 978616 732013 433264 537754 742303 353775 578978 828416 205058 294596 251283 764254 613846 378521 823777
618865 958529 594480 355777 288644 943043 711647 329696 369582 552680 852147 309883 584256 447180 594164 552620 236461 993180 217256 826325 876667 816959 672961 648164 421164 997454 984927 903892 678191 966796 735725 443652
553364 505178 484503 424233 402641 612621 894920 370234 119665 419916 790657 766233 702794 669970 193426 666103 559155 611887 987260 373549 929238 945004 757058 732813 245685 234446 899445 196725 671320 904641 393571 733095
913689 823381 905204 569261 220212 282066 323404 531990 634048 172933 989671 707232 164154 123861 908378 137863 788853 664768 406793 501271 741993 477959 176652 918122 323894 858507 160772 175670 961104 671744 378994 674186
994187 549119 524413 292880 804193 572728 404856 121282 820307 825887 645908 802038 457860 495586 701991 881504 232788 688248 923767 612101 183555 606965 454381 397257 678523 310011 513362 400677 669940 471605 163929 102648
469741 726523 766686 372842 717410 453021 488952 408979 634288 924004 215560 722245 566767 476600 293368 658408 262588 866105 801129 582895 191354 346123 121497 740512 515753 655270 513247 414176 782340 199943 319602 288832
521148 954086 233891 512402 874869 733012 678493 419539 188672 760588 488784 149178 957722 995898 535229 174359 708306 304896 120878 282661 357362 638933 780893 122618 684292 554981 730733 274538 632901 225410 337884 817195
295681 121710 890280 483888 813186 457665 753497 578818 939449 549220 800717 569461 678180 269730 112481 970937 645934 390850 768044 592574 110020 860238 757839 987605 440711 905537 694037 538243 795265 465321 449467 298660
119511 459887 724467 715707 492403 425514 391645 371190 523279 449519 692858 436919 519696 236380 162048 679772 565870 382087 971458 180223 100714 581934 435906 579320 747318 342109 994353 167690 691690 197997 314589 290408
862924 655736 555874 411395 457241 809140 813974 405083 362485 800967 607245 831293 488112 179906 136318 698958 232833 522033 909041 836606 644017 458840 681200 920348 591953 497279 605725 142326 638093 862233 310719 677442
344249 494915 172079 811634 923170 639692 740714 837137 796869 764086 433006 877523 845913 879136 975700 504452 214089 381976 148527 521940 357386 511768 671187 652491 623277 797312 653931 724437 303390 830890 558203 132953
442885 589020 198718 994921 452601 478284 317863 307726 731956 506088 299296 315389 850389 541307 299393 103412 744353 329690 361397 784115 671946 261540 278245 757982 614108 476480 969810 649370 474453 615017 501515 192692
984429 126279 527825 183110 591405 831951 210749 473323 815183 422893 658947 382371 600426 768268 667331 877937 949868 413091 490428 534228 165127 243747 388853 812795 985567 290086 212850 329082 111608 647993 444724 553580
