796700 504856 168932 829916 917362 410780 767944 204930 295909 274215 385516 228264 224963 969879 367423 443024 739203 419766 412896 780558 618736 899041 481611 824780 641751 395070 248657 627135 494635 166182 264382 347324 648890 986073 690631 604145 811511 173620 874713 810716 506713 492713 858019 440609 508301 146357 825251 166707 421248 466180 732756 461560 434151 973766 844687 489858 409027 643411 392556 802670 198441 156019 875050 488677
496955 548162 133201 181871 983173 750828 301321 311688 627128 214295 940952 100760 139774 163936 744006 429357 782442 350849 311697 384079 419860 776093 960638 145936 826364 228337 206287 237500 751794 502437 340612 755240 541931 416526 447092 880365 616857 817876 844505 136590 813923 686658 311040 892850 995099 769800 714931 538215 696168 316993 640572 210499 557699 572093 406236 140608 768771 298387 238642 315789 475379 584052 251594 463694
815500 652291 286249 600296 704208 622911 309839 728852 325261 505782 403765 823989 237941 385046 836060 232357 208590 536233 516636 305257 655545 318605 161822 853798 153274 154887 625198 754671 931446 233261 772127 880232 724297 522221 501295 195233 320002 120509 595890 202691 858752 376306 750459 566625 646363 626703 473796 126315 188155 532460 408628 851674 642460 883276 973959 117527 843053 842434 131125 503621 104185 297667 106900 945591
312179 817596 392521 547378 715035 337892 794901 593889 547428 725957 427864 418137 777519 307936 267655 719960 938132 493909 191527 976805 481771 220890 371289 223174 903719 644547 187304 966504 214548 339258 301711 501818 711771 301339 630461 574652 646929 235340 149464 930080 520963 483927 524070 617146 407176 910478 990917 492568 972282 161168 511095 853666 707111 285878 147185 643490 818734 674318 866670 222782 608903 949265 706644 886101
914097 204895 740162 457893 919421 808436 938248 380404 487749 197918 593370 394273 556344 887102 164141 975760 729135 721684 875870 291986 967566 613879 757618 177322 213784 131645 154093 899244 263004 225689 879106 473031 671224 689198 505673 921200 774574 158067 823178 670161 565879 339374 967362 315255 557016 607185 708563 995668 438617 586825 341262 707718 937560 973954 442904 465418 813340 568115 188876 584645 565514 570776 550713 558934
278030 396931 284941 516697 832723 682233 449696 812835 180021 764265 182354 153178 193367 794238 824450 758602 868159 984183 830673 388298 243163 355843 246161 771691 465848 809843 339464 980728 859365 674519 405236 376402 586317 529042 964683 978661 169287 270904 732828 759711 727920 281624 649540 357003 853825 454867 856129 733965 974160 297275 157310 754922 258858 915360 105471 217515 510310 414787 363210 837022 965829 167695 851383 690895
214188 261321 965875 572137 968088 873705 238948 439177 166529 895977 324474 513023 974159 947482 548885 530788 623791 692185 652584 264534 726283 344695 428522 301153 826706 335001 193192 410593 397080 546658 333267 162385 729568 561712 318982 718024 119439 334001 314681 771951 442643 815988 234580 481430 307895 180118 249108 861834 388883 655424 620661 957952 225171 307126 680684 713512 372580 506837 952928 922361 828132 223315 104171 734187
383940 586795 438525 269649 293378 598783 345664 246229 367754 801845 454669 382203 674846 371322 505896 970079 747651 970954 852502 557485 642270 965753 291035 997590 377053 762895 843458 462737 705539 571842 160512 471727 366465 833120 940652 849603 535419 478527 798978 897355 517218 828666 931862 400755 493178 318210 122038 131547 397820 832577 527851 489588 154587 256397 334947 991514 643160 339283 314848 152120 682099 879437 353022 927950
673322 368702 478915 982545 251686 581286 945635 108212 432777 408225 460190 962154 887834 392017 769358 867485 993459 566432 449813 556339 102852 796178 460564 958350 967575 212023 650804 872135 302830 725818 415798 669860 863536 925474 687364 688067 840339 983445 210873 840255 141033 274735 909133 757797 673461 342660 510230 280271 176849 950081 516493 779334 488163 315581 495731 418267 877999 388286 295748 678033 961845 217377 154380 908468
637810 841519 299800 531738 933260 270236 201988 275669 291467 906495 202540 819248 910058 814139 807482 821159 135864 685581 321800 972767 813983 506063 815173 974541 570308 698325 999074 846481 650962 927756 958518 465626 791776 184572 654193 866031 991953 748214 947978 710813 154871 758507 874842 150461 921261 177795 537584 774047 255337 600597 873348 474483 468387 744163 607669 441622 675018 900826 310832 837477 922402 230907 107626 250570
568275 156633 762005 917513 186359 627861 548251 716911 980676 590484 124724 384048 289345 267534 509379 486057 421730 400465 734692 120555 934286 901221 449552 433203 399217 377281 530625 733960 788768 823813 426728 241297 102323 813743 637892 647028 990530 370842 460050 797380 798432 451182 194104 867216 993662 375391 299993 233146 845060 781526 425718 207214 962047 931633 318106 555520 635481 131084 405163 349832 837689 115209 499153 987060
305094 905867 523540 275590 660972 270296 928411 483297 995222 608507 451105 263790 492680 367803 161973 338715 110780 271476 274496 161327 642807 888605 897428 852869 544024 174908 880233 203470 922304 360406 494611 292037 534439 106932 663102 182856 273758 982659 390711 982857 651273 940537 409808 570388 345727 895494 903589 734144 246685 350023 692511 417398 700285 861406 621378 355681 459415 720543 549413 543623 209710 397033 532613 615612
701299 479974 617417 489927 280895 246506 948780 890290 879475 346103 471610 809151 466609 358921 700724 615408 615647 457265 134441 200851 639665 676751 525105 262212 837185 236770 456011 573059 498594 211091 364510 689936 494473 317953 232790 868780 196752 727407 884348 709418 814712 656188 159566 387256 940408 243075 966237 539451 151331 401044 628675 686208 128820 650344 381401 942628 580098 487257 547302 100253 988396 355746 538669 533721
235868 482828 554045 505257 404973 466558 354131 542797 125251 975859 560626 359629 641195 969436 406491 518885 975952 325468 271529 164127 723054 996442 175088 718709 562249 706462 141308 271596 255370 172667 470171 818147 632149 661163 509933 951925 137628 970984 867829 441760 200401 219514 111799 186787 746639 515346 967391 327644 411059 297423 878521 490983 855384 391003 977727 222468 446401 637009 148267 523916 619155 469709 785119 612334
848734 463247 501026 438425 145447 231442 140667 446995 907846 657632 419511 816982 674508 453742 105575 857387 377038 682418 373608 139316 248530 243783 366113 988395 427538 947425 980025 799188 979965 815672 718988 406951 532403 525821 210697 378824 936017 201809 138858 299135 561843 172738 823176 983439 605093 830268 484017 234903 704603 638856 641855 665715 689023 891518 611096 308541 804675 403212 638590 641795 234998 741274 437255 574796
845450 127579 610506 126405 465410 844588 769820 529884 229152 868619 410142 707562 442536 183366 555415 467009 739489 952346 919071 816445 686698 268950 890079 360107 143627 434552 440719 234694 245834 765862 161132 944984 662273 494293 693890 707608 981641 975037 952532 849937 207228 526544 370522 299917 405449 568005 998549 510793 150002 902103 396763 918696 536025 364219 943956 641294 171869 543536 306038 513817 720722 167269 942232 709699
357729 172479 492395 418198 574640 788533 375236 315080 158423 510157 726566 573361 635018 940952 560958 487987 740481 614159 766004 833761 536967 387552 995237 325323 295962 498447 696155 582913 103833 810412 943988 814355 169651 247853 735017 945299 501212 644244 572310 207220 407270 670152 465492 932111 336268 808818 391144 816621 223188 629254 325723 997624 670109 928429 979204 352288 951398 193717 870436 984892 786509 933315 968637 757776
754672 165547 581893 677442 558796 393531 828760 503709 218332 241109 898100 956200 123921 136232 729813 875279 841049 576510 619998 296124 504945 145861 515027 246752 325412 286446 389108 201181 924119 135167 897650 414779 425208 915293 283912 161225 879799 385758 939435 862140 864666 270503 726161 449759 530385 360287 387606 494839 607659 495032 838337 438375 632668 242106 764556 804729 942907 117153 410414 337944 240503 340249 982942 315609
760225 532381 118660 389799 946374 298831 311044 211228 113652 751472 659855 950573 296421 806444 934507 304188 999706 754336 685300 107012 159915 842562 390660 569683 622965 754867 587287 836100 243717 515110 185293 207763 396928 325292 992544 770966 726499 433929 916313 782076 535576 480487 359958 686238 287802 389271 298313 348997 546389 797505 613777 739287 764512 874520 482556 451472 198907 478538 395839 467741 278000 606053 617547 741772
958799 596306 532473 591883 744899 137979 421306 761726 207858 444750 702458 890962 730175 104406 201498 749003 315874 149505 615639 942092 238775 759798 551624 832625 111901 843427 218365 442610 346778 790309 923427 390197 770699 385188 852063 654861 706123 554747 968140 543846 527069 377927 384969 857042 940032 662569 823365 126520 498412 132656 658022 874603 106784 870464 406217 106089 193466 675996 257829 761076 351784 651843 229981 130262
124871 694274 582791 979370 127363 503949 422342 521886 262071 704718 534563 413482 371467 877664 441445 904844 547428 366526 150247 263123 762448 783869 469036 577595 680954 270870 301472 115359 501820 339072 436196 448457 666779 440652 675803 196452 314544 108546 484075 731709 837817 673267 822768 412218 508449 788438 686536 910713 755495 941924 498716 799481 705077 723264 129589 408942 255043 478534 194336 351403 609362 219040 139751 650323
938993 612635 586046 367903 821479 626134 881011 616063 252572 927739 934879 324719 594250 197622 670498 253882 262198 919407 170500 540215 843879 264366 740057 486598 374700 449481 326462 177356 986770 162557 829799 788322 202654 327600 721094 202459 893848 327145 764712 612664 441051 710541 308726 871603 996160 357870 721244 329249 588718 245202 291667 218375 118557 788290 784688 627884 472160 574042 492993 899490 543028 406459 753272 140218
702715 369308 562623 503762 867098 290901 816562 705539 457507 859354 316659 183588 571784 953210 119008 259480 790342 452830 925032 338002 455982 258865 292835 649635 710446 265921 931874 495311 410557 840649 320369 852620 733991 113744 962660 936944 335193 447894 482403 673435 414960 930947 236702 464170 263247 868906 899702 832170 648553 634209 845705 291544 494485 205141 200556 149138 970353 557168 112837 726361 554806 323181 683016 543618
657452 628282 112892 835893 585447 494965 424099 380250 446253 600140 844193 646821 681051 844774 995601 921738 343684 153871 532381 571205 115131 754377 443532 637905 193166 917919 624480 651455 789498 486927 410943 162498 147585 399291 565034 404754 143220 718188 451793 368596 537378 885446 478757 818333 669048 317181 612869 425471 456018 801537 389692 507697 114398 158029 798545 522554 760161 764614 311540 264178 256106 796351 384597 975671
532210 544066 694064 895827 947145 273796 356473 845618 844740 997215 331418 576714 778012 860422 366812 655653 486792 609634 840466 478235 887305 173498 968677 338191 518222 501333 491302 476467 456086 962889 474704 359694 938569 970744 133107 857885 535444 166092 992239 773079 810148 848703 280320 401388 738577 767962 373407 956627 658894 380906 413457 535710 753719 481511 584336 938239 388181 601286 629833 965338 427916 921144 127092 417792
193389 331686 424816 670843 144965 979894 135169 631955 564142 871278 470867 478751 538748 439835 549374 880824 924637 285723 748997 418871 673454 877973 793913 507063 561563 658684 780381 372102 546213 658902 369949 186229 459409 261621 872429 722640 118167 431381 567661 245018 310252 116329 303535 591985 219762 289277 459210 311181 308475 405727 249156 730648 919112 574129 383170 511313 220511 197039 642959 820435 480504 506622 406880 293554
316070 763767 434381 536930 911478 491416 330688 782559 401001 101029 598087 570406 185124 391834 841348 377469 747476 434433 420500 474392 917181 253657 251003 769917 997156 783495 976975 296282 549200 409058 677168 913832 812953 798628 224717 181220 310329 175932 101408 379498 687120 909552 689860 251714 210443 930437 984056 785844 608588 734304 456123 489572 559150 522725 913627 315345 952894 931374 215665 267447 576031 156688 892851 702689
159115 470719 567977 511803 286400 418565 167804 493712 114297 713855 154447 444653 954800 958152 497053 931202 372533 944040 353016 332129 943733 608947 817474 471818 328329 271524 708242 331728 407865 948161 412844 913875 853009 611250 762226 824157 333702 513131 232557 195334 888476 962939 903048 508314 984331 802238 733256 240340 397902 583653 282455 830690 476116 639065 521310 523127 569157 498231 197700 854153 975663 504774 643821 539194
195488 707735 812604 417792 859026 641021 113279 882953 988797 960011 706049 901012 840742 216786 708245 856691 360564 957712 646469 458635 886714 512913 855241 237935 639413 294970 748321 155672 169698 753865 116554 583642 571831 518180 934196 268168 373833 618922 865884 186972 864356 188641 908331 546678 344599 267351 940461 593166 908790 617071 149340 942254 991218 520854 449314 580935 844877 462551 676456 296710 523320 759861 407970 956728
968157 503872 960275 496052 352381 292687 992258 342367 147871 104385 429892 573681 489119 967349 454808 504961 230154 284847 875878 433623 593604 822312 637820 501778 158336 615018 355892 358850 683313 830514 872571 495165 456472 695906 847021 622996 229503 212574 336897 318954 326275 711892 512540 938432 241272 338576 556713 261722 191017 761816 646553 201461 253020 576907 503655 776897 710809 410007 331822 147912 987924 338853 639927 752043
653354 952759 939921 831840 561451 957411 390458 680108 550065 145168 587128 586271 548943 453588 437218 423735 814327 445010 123450 419446 743944 574856 338593 936684 163709 640040 823302 172496 584612 861600 861342 758964 914807 866982 848617 193103 516238 942860 388614 793509 410877 290846 116608 363698 476189 847197 186374 308708 472460 425882 488343 261294 590975 655813 604788 797558 443082 428296 251671 484508 485240 691738 872481 357010
767733 373217 547819 508503 586238 143019 232710 587928 264247 505608 359964 114062 950938 739806 533807 400225 425352 642889 396556 400010 383505 185348 150105 347638 584638 313043 524754 439669 878684 280547 692752 251012 364425 830257 987490 458201 491967 113341 542729 735174 232143 139707 174672 299651 940379 699640 833920 947536 935810 620869 129353 675352 813021 826501 768148 566594 159771 452763 134539 429976 674358 549537 843028 800491
506667 853467 941036 774771 318078 476355 394258 129120 229031 200402 649960 356334 498276 318531 733163 174481 380552 730057 474479 471331 131145 738749 644520 635761 745498 271872 573412 320370 596743 211338 644628 900255 832827 441650 603575 390008 720193 852488 220408 328513 297087 668814 352381 234006 816668 743759 850337 345408 938608 318402 494981 296637 451346 588809 181253 987411 613621 883457 321787 254228 790678 371547 986931 456589
181634 851401 832257 652591 340336 525147 704504 272205 594273 744037 669686 537762 975762 470848 757452 665643 322242 711041 189968 378910 677970 931380 645968 929686 769826 961155 905614 836214 408182 248142 801939 294373 655079 819602 702625 577259 804507 441123 573169 323113 358689 921648 814872 479203 875019 949504 798430 494644 372689 159543 635953 507382 163381 540105 221898 911166 425143 301739 661852 613152 342411 677031 758508 809622
940808 733967 769595 742379 189531 711494 224800 835710 695284 405270 955974 766354 349311 253789 162411 693647 672841 723887 445443 820943 244362 838995 444065 547944 921891 594239 859419 654201 101044 571870 811972 424371 236825 974618 262818 932932 370719 284491 762866 379043 831693 925311 475375 523244 396129 617556 556688 734098 576713 931597 253870 832389 109352 678604 314651 201750 975636 687723 964029 474815 180121 460632 990067 274409
850022 224487 553759 107733 929606 151557 288900 875301 978729 814894 671028 930500 734730 741486 386424 607614 144593 267740 493268 811277 924381 704116 123750 940518 331766 897675 554841 109738 986134 986407 137520 503121 253707 514360 747995 648948 240361 674812 975997 531403 302142 356803 171123 611721 550466 181458 988850 120608 211982 224054 931523 472765 377351 837244 437267 881460 187731 281249 983977 626912 535249 956489 336138 743628
322551 258777 610019 358830 823288 216446 887245 369609 880248 993691 477262 367050 801862 639537 414793 680732 189302 566823 514026 814727 727508 855346 643706 949434 878253 642391 315638 132868 260832 487303 764742 618023 641437 936462 170916 847182 701140 816682 592339 925623 219310 472652 354347 675426 254650 120854 808990 772618 771101 697163 759945 206400 641734 912158 134921 582357 545558 623364 553459 465803 929501 383075 836472 512616
248819 384805 475029 223399 163259 372349 975657 399249 835107 468006 888304 617777 970712 205405 696253 824980 979408 453218 827958 504770 395785 572600 479913 192214 917627 597623 163586 887346 966651 378005 123613 946090 435508 241344 590987 432193 892670 923247 186415 218209 550371 181249 379595 668953 787395 291844 707418 762284 460501 968442 492726 990241 476676 165095 754030 396697 489505 954629 964443 594659 348964 704828 990594 395346
505182 799426 101591 941461 303674 595659 649615 405155 522203 603694 501587 482553 452774 362005 713330 133190 467726 846596 590873 731954 302316 475930 245088 285181 650412 329929 916144 776773 551421 630838 514882 239440 171219 878809 471524 912851 859968 230682 689574 584997 552965 483395 334216 825296 327125 332340 954713 150878 602953 752395 266226 361176 797289 212510 430989 919939 712771 181956 911489 684440 407946 878781 156028 338628
623783 702657 938168 632029 975169 375953 975810 664348 429136 874284 863951 382726 463846 745280 512974 975318 146784 540390 650442 585663 817444 395151 154483 523881 983632 113107 823664 130264 236294 502573 538840 351374 617536 920152 918097 139435 629717 950460 858153 387718 766917 519429 583528 928754 648543 491192 686173 112960 234823 276731 123792 668433 742804 663890 620446 286036 736194 633822 968693 738015 406177 470567 940476 960072
848691 594863 259905 792025 396354 432211 669788 756585 340493 219644 729440 488364 259912 747084 562887 974528 520826 174382 624313 606741 495262 785065 601137 647959 929695 594392 753077 848458 340959 158328 910929 332763 101100 175056 351450 894873 776446 140992 247545 106339 608763 751095 592308 918460 481509 289758 474625 386620 507463 273819 430503 896226 932873 475666 245337 777144 620490 171104 869648 754223 969964 165704 363705 247230
532858 951267 662439 634693 605687 136534 908581 867566 247368 378239 593813 707608 921572 197541 448950 106530 626183 870563 881017 205200 750781 773105 816568 149242 241176 802304 262781 237329 877570 113620 678668 607919 970908 703177 346273 776431 148022 153524 749738 517405 169728 148229 311169 525974 140946 910989 808201 875219 163778 495758 919974 849286 422851 513293 262091 493832 496621 759219 225599 816271 345061 711073 996901 242872
382550 846171 912656 834427 692626 188591 662149 162438 234392 668457 127541 484695 778192 527784 925371 846740 502575 104080 700717 863156 821544 308457 762231 582477 846590 308593 974914 214279 603741 141628 788300 137176 735259 418072 144234 555163 203632 892130 733003 867983 680764 388472 136559 723568 332857 321829 587741 234770 793882 651165 435064 490906 409527 665125 232664 632186 503203 449532 814844 765284 254689 763491 763240 329953
511645 617816 905477 997936 748972 706927 685148 540299 495907 633041 838367 740150 300789 104114 872049 483672 777307 851023 221689 123071 845118 911274 744343 819876 421918 851463 639440 507699 851175 853351 189682 133526 614747 557571 818215 311411 535924 592000 741659 654493 269875 361433 316568 291302 333421 153227 118313 224602 349385 568337 732165 334336 382709 957726 156713 869291 255345 119863 950241 554574 664827 438349 727225 263228
289283 572782 199173 308462 238252 343486 820310 425714 459147 968262 207806 728102 567591 683171 555025 935141 451685 203813 345948 190805 505240 115254 660416 182983 797076 267122 909335 801120 593955 164107 143663 275314 569879 299654 983325 115469 828180 632962 587588 134248 382483 419944 715104 593543 625797 635389 717429 165053 457663 308738 939317 541291 545834 570566 593523 990962 797099 559572 415839 716516 752743 790732 953994 380410
210369 336490 621843 178434 508594 758641 592282 813007 561223 310873 813848 276897 997246 251915 947398 217003 298251 978714 770467 640333 118060 179067 730823 899124 520167 184007 307398 963428 765930 782882 193083 860572 355260 963616 545267 712766 641512 763147 138436 749533 596143 903670 592999 192056 970212 972663 527160 353758 162986 254262 817815 201615 911701 404478 130844 906375 140909 367906 236104 950879 193538 394466 394059 978463
948521 990628 490266 328011 211130 423301 765407 131005 698865 207478 425192 169680 156163 678220 589290 171976 131022 230932 194792 747956 554101 614736 425208 534953 165342 892601 556511 284618 667932 751512 146241 357179 772837 692100 414654 223832 794835 894123 545328 897670 993997 430425 535422 796354 381876 635886 888897 380071 142789 603004 523786 672356 910560 318004 668986 685021 245734 459514 536922 820656 690835 622270 473068 338679
621867 738155 280381 249565 793416 253048 247137 632243 474545 935345 563011 334254 912788 885351 268081 574445 882230 505290 962103 294542 604278 999222 702012 804589 785576 415209 613872 153614 867528 367888 835366 468745 261148 592467 794182 633121 937089 338510 411951 182267 578141 466633 326626 694693 924226 893104 825299 435139 706735 471634 347915 376025 409567 293811 990504 202776 810703 169537 820074 930170 424458 341768 795836 289775
417358 705597 662133 872682 301293 942632 669369 196107 802062 658229 291014 715346 248417 196986 821623 726563 630253 117136 630079 339124 126405 114194 888836 634200 632046 824491 181044 926723 229399 313544 551115 947114 230927 463770 336687 327958 342707 387493 665828 761849 271930 880708 490556 675965 246851 529136 413925 687183 338208 942888 941649 732929 468098 386298 448936 279317 265133 799798 647186 589264 511661 303287 115174 323136
808419 792450 188799 772727 329490 741077 849792 781337 813272 108202 873955 361222 893169 101609 373568 153590 753151 500508 268670 521641 554376 841122 944293 241577 223605 805615 325736 676741 733375 386179 887682 592636 998774 881519 651669 561714 276988 114781 317674 391785 131760 766895 168668 108357 706618 472897 759795 994922 251991 911392 525366 551376 642045 556380 635009 663465 597296 821875 777096 383399 896115 112006 197960 487223
955965 133445 470564 597572 499925 328509 630435 442842 556148 919050 979484 287230 975441 465744 164041 553316 604404 877280 327879 391943 179491 421699 803003 123427 801025 290043 685082 726976 465107 788513 345637 785463 992467 619719 678560 877478 498412 897057 531959 596201 961512 898430 942167 363464 601752 681563 765359 352206 173581 599222 631509 910500 474813 959276 664082 528197 424543 211437 677375 752561 853128 384080 347633 731759
991368 310445 741352 918534 822445 844529 428021 618246 560187 870545 691719 176902 903010 448120 750835 188778 620048 726682 869013 987500 966315 745953 535025 952850 457100 482846 927077 263831 734173 872637 462551 740363 357562 941410 377764 746152 907256 737404 813862 833442 945644 911317 845808 551938 889829 834235 705865 117148 323591 297109 234011 271243 182311 641432 911903 657233 368197 306691 869238 857083 164723 834029 549030 637914
165383 980728 928984 321431 659310 557556 254649 605922 626778 595866 388130 111014 441035 289938 992641 607196 131800 392421 429379 814999 163376 815824 505950 781045 606421 878602 933931 603510 958753 266931 986170 379414 456126 636739 512142 889670 684750 457587 219233 837167 583419 425057 404288 219337 926713 735892 609478 490589 219588 435814 940600 316212 194482 623629 221050 180909 922568 166829 698514 578094 767779 282197 549304 952286
255332 281212 543589 280235 710111 114464 414024 681151 882564 366417 333517 822652 643451 641566 664097 667830 817995 234064 818497 200836 476425 483587 590197 908179 191808 947906 703640 290147 123373 671718 279388 233833 451351 817702 428982 640799 819058 748844 533607 927870 994722 338930 544511 481235 978713 498707 674802 505827 458243 794151 569521 802525 485030 397432 456394 464866 376795 717972 435628 934736 699593 140626 772952 328602
943380 783668 884182 391129 666426 452034 392467 206072 191025 419863 420665 422788 697605 459024 867023 628038 311490 601829 510552 303821 887208 459187 780309 939418 789258 357526 891945 135300 725940 165664 150071 263174 504581 675323 211256 351005 672536 600630 518116 253175 482932 913245 903800 631026 404828 739095 843671 839447 765943 332480 299376 826368 652837 445020 161919 626650 423172 819565 475971 561222 752592 462687 910816 714719
683616 896441 673000 211066 670628 574712 909332 174437 138934 728769 495275 233801 380340 452573 437544 660694 374775 830450 636618 669619 957864 234145 192432 810318 609810 558386 699770 536806 308252 682812 403689 684904 958419 245612 674786 661240 909579 562942 582456 358106 322003 610363 305830 654816 258712 141976 644287 961972 360109 249699 612324 281969 334369 520066 853071 825109 102212 749713 251264 281663 909379 332051 133133 464744
675534 737614 550487 323334 800902 295173 137942 198047 212948 781967 891349 703554 304919 716836 691346 658529 270179 113121 675031 911071 666798 527494 294253 632519 696662 151971 791850 588062 175212 536181 329662 773327 824516 412301 781110 372587 103128 468198 477638 233468 116892 232266 912892 742920 396167 914386 293473 799917 335659 606827 842886 511213 447843 218811 555849 376494 632863 738306 928290 873204 915053 901615 493222 980630
357704 853999 790927 337162 919523 904840 213714 166010 455479 191733 584259 596262 250563 912714 934754 975109 868758 747679 280188 764758 809298 633406 590414 555886 862328 728753 981069 284062 397812 390698 472527 843243 233563 262526 638519 221088 293523 658931 223093 597640 532246 459546 267959 321275 283973 523478 415491 130787 151466 446838 332303 875567 910359 908291 517285 717438 229169 615865 856877 296341 509003 912045 288229 274284
352981 545334 532765 816051 710644 847498 563046 717676 938076 211975 955662 226727 411379 622507 692830 883672 884744 405840 433592 368604 857629 672655 461154 252444 934540 170270 734916 712585 584565 201410 865776 345381 604363 686262 435853 961648 504175 576416 273999 353438 237730 656609 915990 582258 813584 263477 396858 454223 211898 118709 909952 488324 271533 705081 472609 886839 657289 836016 759786 695351 625942 134368 998063 801406
314940 929205 484607 844966 969580 940368 862775 495282 918458 240175 718255 365827 322831 324881 683070 385213 918883 430520 213481 301726 237189 440109 412676 600293 734871 589279 872595 252389 514323 898844 803434 862603 605311 509990 353832 995047 968846 427929 716795 316035 872949 884915 175531 439259 426273 688334 759850 743831 120521 362536 314924 269326 331260 761109 635647 958915 636229 990306 847955 765250 844478 985775 111810 247480
441207 974073 329746 894262 467689 451992 244821 543108 267227 235982 472774 341265 153418 445657 725609 760750 585426 356139 464634 559383 983623 729960 446990 697713 338113 461611 987130 329852 845137 180988 887632 857671 906507 896815 368782 469857 162396 990496 101039 855881 757683 701899 981269 727726 926000 370597 944504 985554 121610 874579 524072 441778 281074 140033 413263 843016 672954 347798 931362 718849 558279 917384 368329 515754
964605 329812 337445 600301 721244 569666 472535 373567 276973 361979 944301 796219 111287 768803 775365 196434 516204 597491 869574 312662 444523 870186 870092 465133 537390 152318 228033 728363 372307 443053 238755 927672 911622 928774 700843 186813 365725 442532 854157 145766 770133 165406 602451 567507 698979 495234 212871 250184 236099 157552 381781 807442 355058 751861 247163 923964 239296 220519 600266 436342 203223 295902 795534 552077
906870 959247 127066 376553 324014 884092 464430 428903 548614 267973 151869 181847 462941 590652 784235 897815 402524 182270 594270 753639 294683 161707 927764 326172 461205 558825 659345 923954 527374 509505 691710 749234 146972 929165 157806 342284 401304 488177 889055 189098 655384 746695 243347 684842 417261 801851 587248 667973 228592 855636 981480 986022 258800 595500 172133 613801 290588 756624 694327 840187 972414 161154 602373 312753
440088 899037 344093 455997 968785 662871 206414 861307 426715 212136 170429 482169 337083 412319 627325 968252 151516 489163 450975 504771 662520 423166 916116 605772 817443 108155 378615 214872 628347 240031 932533 478512 427713 681289 828247 833763 484892 981021 721711 697974 726357 495378 245178 728167 370253 769082 107482 484537 607582 273088 978374 286686 316883 206991 161592 569897 305508 664436 572979 463470 523972 334116 445427 485792
